data/asc/elevation_90.asc
ncols         104
nrows         124
xllcorner     437168.40625
yllcorner     5417446.5
cellsize      90
NODATA_value  -9999
[rows 29 to 57 of 124, columns 0 to 63 of 104]
-9999 -9999 -9999 -9999 -9999 -9999 -9999 -9999 -9999 -9999 -9999 -9999 -9999 -9999 -9999 -9999 -9999 -9999 79.34324 79.40509 80.44059 80.82135 79.84629 79.72726 82.17931 84.6487 85.62485 84.32919 80.50841 76.32634 72.63327 67.74522 62.72589 57.24893 55.96735 59.37915 61.89301 63.74042 65.02797 64.45829 62.47828 59.64578 55.14619 51.42515 53.31381 56.86397 57.17467 55.49601 53.53006 51.15929 48.79093 46.89517 44.94519 43.01423 41.15606 38.63511 34.93574 33.19233 32.10968 31.08641 29.03925 26.43418 23.70236 22.58216
-9999 -9999 -9999 -9999 -9999 -9999 -9999 -9999 -9999 -9999 -9999 -9999 -9999 -9999 -9999 -9999 -9999 -9999 77.82913 77.39069 77.40113 77.7554 76.85358 77.34482 80.16413 83.34992 85.28201 84.90015 83.29777 79.6937 74.72364 70.54125 64.84486 59.00901 53.1278 54.94102 57.58565 59.49385 60.9031 60.8695 59.77723 57.62774 53.24907 48.11375 50.86987 53.17146 53.45514 51.95588 49.96238 47.83129 45.89827 44.13881 42.42372 40.79605 38.95592 36.36152 33.43166 31.2892 30.45492 29.70041 26.01521 22.87521 21.93298 21.25164
-9999 -9999 -9999 -9999 -9999 -9999 -9999 -9999 -9999 -9999 -9999 -9999 -9999 -9999 -9999 -9999 -9999 -9999 76.80251 75.81113 75.00023 74.35574 73.65594 75.01099 79.444 82.92036 86.54194 88.65731 87.15266 81.65549 76.83176 71.76242 66.31133 59.67773 53.55527 49.05154 52.36113 55.50751 57.46602 58.05451 57.33248 55.14538 50.745 46.66536 47.40934 49.89369 49.79826 48.71255 47.33215 45.25101 42.04396 40.49216 39.62726 38.07221 36.35387 34.3166 32.14086 30.16214 29.40977 26.85928 22.92842 21.33886 20.77852 20.53126
-9999 -9999 -9999 -9999 -9999 -9999 -9999 -9999 -9999 -9999 -9999 -9999 -9999 -9999 -9999 -9999 -9999 77.78256 76.32896 75.10979 73.65475 72.20597 71.00078 71.47922 75.60742 81.68713 87.83655 91.81667 88.43494 82.55536 77.06581 71.11687 66.1695 59.49644 54.0437 47.47426 47.2156 50.95475 53.19582 54.43874 54.18256 51.86125 48.34675 44.58771 43.24562 45.5053 45.99664 45.07059 44.25931 42.66801 39.39182 36.42102 34.53386 33.81256 32.39022 -9999 28.07443 25.64605 23.63388 21.75829 21.28831 21.3826 21.01089 20.52378
-9999 -9999 -9999 -9999 -9999 -9999 -9999 -9999 -9999 -9999 -9999 -9999 -9999 -9999 -9999 83.33479 81.32612 78.83572 77.18044 75.53499 73.35403 71.17802 69.52211 68.18884 68.66144 72.114 81.66993 89.61198 86.30863 80.79556 73.88317 69.3483 64.63826 58.81699 54.01255 47.09143 43.94664 46.38226 49.86373 50.9916 50.73437 48.91517 45.40476 42.49765 39.76419 41.66474 42.28707 41.33071 40.33157 39.16473 35.89161 32.36585 30.77475 30.41531 29.81127 -9999 25.73407 24.0173 22.71703 21.92354 21.7685 21.5505 21.13135 21.28366
-9999 -9999 -9999 -9999 -9999 -9999 -9999 -9999 -9999 -9999 -9999 -9999 -9999 90.15905 87.63181 84.6566 82.95175 80.70463 79.02061 77.53041 75.42934 72.94041 70.4912 67.71462 65.30054 65.39493 68.16622 73.96976 70.97299 74.73028 69.24273 66.30867 61.46302 57.31339 52.81862 46.64512 40.68859 42.52052 44.96715 46.73444 46.85588 45.56637 43.19598 40.07864 35.72049 37.59415 39.5141 37.06859 34.90778 32.78343 30.82649 -9999 -9999 -9999 -9999 -9999 25.67388 23.64 22.99023 22.61533 22.24366 22.00485 22.82008 23.08926
-9999 -9999 -9999 -9999 -9999 -9999 -9999 -9999 -9999 -9999 -9999 -9999 92.08228 90.7582 88.79099 86.45483 84.97878 82.97409 81.29301 79.65668 77.47073 75.39959 73.28831 70.3422 66.4578 63.12333 61.0603 61.98439 64.70328 65.62775 63.30841 60.75728 58.19162 55.25099 50.87567 45.85603 39.17678 39.04461 41.02391 42.36765 42.42571 41.32131 39.30285 35.44813 32.90463 32.50264 32.35043 31.05848 30.17987 29.46382 -9999 -9999 -9999 -9999 -9999 -9999 25.65482 23.9634 23.69237 24.20748 24.79313 25.47507 25.99895 26.65806
-9999 -9999 -9999 -9999 -9999 -9999 -9999 -9999 -9999 -9999 -9999 -9999 92.37743 91.22231 89.35336 87.9982 86.93067 85.88591 84.42284 82.02312 79.59586 78.24373 77.6198 74.21024 70.05782 65.91979 61.42775 57.79208 57.83536 57.66528 57.39373 56.6059 54.53218 51.54271 48.30836 44.36786 38.68975 35.38604 37.68557 38.38082 37.17378 35.03499 32.42091 30.61248 29.92862 29.69276 29.58781 -9999 -9999 -9999 -9999 -9999 -9999 -9999 -9999 -9999 26.26006 24.57419 25.32076 26.81209 28.89976 30.84946 32.85869 33.4991
-9999 -9999 -9999 -9999 -9999 -9999 -9999 -9999 -9999 -9999 -9999 -9999 -9999 92.34149 90.72338 90.43018 89.02112 87.60384 86.14786 84.26311 81.14465 79.81029 81.6815 80.11026 73.69894 68.82533 63.67183 57.86644 53.82528 54.31956 53.91359 52.70889 49.98948 47.64888 45.40717 41.96087 37.96146 33.92779 32.71589 32.4278 31.75589 30.2622 29.74159 29.50594 29.27385 -9999 -9999 -9999 -9999 -9999 -9999 -9999 -9999 -9999 -9999 29.44795 28.07359 27.25724 30.63635 35.38499 37.60093 39.46743 39.91637 40.0713
-9999 -9999 -9999 -9999 -9999 -9999 -9999 -9999 -9999 -9999 -9999 -9999 -9999 93.51396 92.59089 91.54452 89.79185 88.04483 85.8706 83.9353 80.8616 79.33521 80.89928 79.89436 73.65583 68.259 63.25656 56.79979 51.7216 49.80105 48.42516 47.07678 45.7729 44.36013 41.42108 38.90939 35.38821 33.05275 32.03948 31.16657 30.36434 30.5347 30.65233 29.87091 29.41736 29.05005 28.87183 -9999 -9999 -9999 -9999 30.28125 32.84922 35.15657 36.38613 35.43484 32.52725 30.89267 38.05896 40.96645 42.27109 43.35934 44.16461 44.34541
-9999 -9999 -9999 -9999 -9999 -9999 -9999 -9999 -9999 -9999 -9999 -9999 -9999 94.28102 93.11498 91.2122 89.3356 86.22662 83.53951 81.42068 78.36745 74.95247 72.76191 71.387 69.17833 64.69709 60.36554 55.49874 50.40457 47.65108 44.98232 42.97606 41.60374 39.42132 37.67819 35.51888 32.7083 32.23056 32.13715 32.01281 32.61269 33.75502 33.80187 32.7541 31.54013 31.05445 30.13243 29.75774 30.1448 30.58734 33.53125 37.32497 39.36567 40.85049 41.76538 41.76734 38.4328 36.64996 40.82755 44.20768 45.82055 47.23347 47.92917 48.73772
-9999 -9999 -9999 -9999 -9999 -9999 -9999 -9999 -9999 -9999 -9999 -9999 -9999 94.6248 92.53387 89.59716 87.11256 82.81091 79.56306 77.08287 74.73727 72.08847 69.07597 66.12451 63.80691 60.83272 57.64012 54.42146 50.45883 46.99945 43.51128 40.54638 38.15411 36.62794 35.23698 33.05984 32.47656 33.36853 33.05016 33.76772 35.6347 37.29526 37.61128 37.29596 36.88708 35.69741 33.94978 31.56988 32.10527 34.7197 39.3613 41.50977 43.48694 45.24821 46.18391 45.94162 42.25554 41.47747 44.1114 47.30055 48.99177 51.00194 51.7024 53.07102
-9999 -9999 -9999 -9999 -9999 -9999 -9999 -9999 -9999 -9999 -9999 -9999 -9999 93.87376 90.16985 87.05666 83.72786 79.52824 74.93038 71.94403 70.65591 68.84808 66.00247 61.83641 58.97007 56.07919 54.60692 52.36004 49.22246 45.00218 42.28941 39.763 36.9541 35.00842 33.41132 32.34578 34.45633 37.20842 37.61163 38.04232 40.26008 41.40129 41.98289 41.78758 41.24269 39.96139 36.83971 34.06269 34.08265 38.78861 42.24841 45.4465 48.09243 49.28238 49.63752 49.69349 48.47414 47.05046 49.82504 51.47101 52.72092 54.73518 55.94963 56.71826
-9999 -9999 -9999 -9999 -9999 -9999 -9999 -9999 -9999 -9999 -9999 -9999 -9999 92.53457 89.31543 85.59873 81.24463 77.16264 72.94772 67.60175 65.76608 65.47211 62.9155 59.6454 56.02193 53.13811 51.60899 49.27241 45.21046 42.49888 40.15531 37.61964 35.27113 33.71884 32.61479 34.49195 40.16862 42.20775 42.68437 43.18424 44.58799 46.14804 47.48656 47.63132 46.40321 44.07813 40.79955 36.9211 36.52995 41.22227 45.37064 49.33712 51.27179 52.43862 52.983 52.90672 52.1786 51.78627 53.84517 54.85285 56.36225 58.6157 59.25085 59.74478
-9999 -9999 -9999 -9999 -9999 -9999 -9999 -9999 -9999 -9999 -9999 -9999 -9999 90.93516 87.73381 83.57652 79.19698 74.81236 70.76425 64.60207 59.93818 61.30176 59.15475 56.26401 53.18251 49.33726 45.90644 43.26852 41.073 39.25743 37.34367 35.54416 34.55616 34.94193 36.06339 40.5754 44.67839 47.14436 48.66095 49.02396 50.15714 51.67968 52.36441 52.08366 51.40599 48.82886 44.715 39.50931 38.59207 43.68764 48.56083 51.75819 53.87482 55.81683 56.91906 57.08099 55.93593 55.57618 58.45999 60.27203 60.5541 62.42833 63.4232 62.82441
-9999 -9999 -9999 -9999 -9999 -9999 -9999 -9999 -9999 -9999 -9999 -9999 -9999 86.88264 84.69964 80.57462 76.47306 72.25432 68.78918 64.13227 57.89433 54.90582 54.01619 52.49407 49.10283 44.32573 40.9339 39.05579 38.0886 36.93253 35.9402 35.87014 36.25769 37.13473 40.09084 45.72823 49.67059 51.89992 53.42575 54.39311 54.74434 55.49031 56.14425 55.64854 53.79784 51.25686 47.57735 42.3101 40.3702 45.77287 50.71381 54.09062 56.82573 58.82094 60.41934 60.95697 60.57323 60.86404 63.12344 64.60557 64.54656 65.46684 65.63523 64.51262
-9999 -9999 -9999 -9999 -9999 -9999 -9999 -9999 -9999 -9999 -9999 -9999 84.05682 83.28592 80.47981 77.07067 73.72638 70.21404 67.1634 63.60583 57.2748 51.7382 50.06107 48.29581 43.99097 40.06382 38.34817 38.30965 38.45661 38.99969 39.28593 38.90652 38.0721 38.40812 42.95795 47.96 52.15515 54.21091 57.27386 59.5839 59.70588 59.78579 59.66917 58.38934 56.50928 53.18044 49.15873 44.17136 41.27736 47.65573 53.17828 56.71085 60.34855 62.51366 63.93958 64.9511 65.21692 64.92942 66.10311 67.55759 67.96657 67.98412 67.19025 65.63331
-9999 -9999 -9999 -9999 -9999 -9999 -9999 -9999 -9999 80.80705 81.22879 81.6943 81.14458 79.53855 76.49616 74.08376 71.45035 67.91879 65.01028 61.38496 56.23391 51.4393 47.07808 44.09043 40.38736 38.32303 38.83891 40.22484 42.97271 45.55067 46.44138 45.71812 42.28777 39.98695 44.02174 49.4786 53.96152 56.276 60.4136 63.06813 63.67959 63.78562 63.47298 62.3158 58.62475 55.33024 51.09217 45.60521 43.23776 49.73736 55.01705 59.97988 63.25911 65.30152 67.63223 69.15411 69.94958 69.78363 69.73277 70.44473 70.29777 69.30642 68.24085 65.89473
-9999 -9999 -9999 -9999 -9999 87.95181 86.71551 83.76016 81.55447 80.00732 79.01925 78.83915 77.79567 75.44091 73.69362 71.55976 68.58617 65.36801 62.57526 58.31083 53.98605 49.03274 44.16388 40.67426 40.57156 43.29726 45.3964 46.76628 48.68301 51.10657 51.88702 51.54554 47.24636 42.97267 44.35842 50.62125 55.19775 59.26939 62.92872 65.90266 67.36724 67.18249 66.43235 65.30428 61.39796 57.21495 52.83236 47.13688 44.74191 51.60091 57.23327 62.4765 65.55252 68.16947 70.61131 72.90129 74.21059 74.25879 74.00203 73.60346 71.96913 70.18974 68.02946 64.63913
-9999 -9999 -9999 -9999 -9999 86.48164 83.89566 81.01334 80.05399 78.23901 75.90208 74.68162 73.189 72.12595 70.61704 68.39827 65.56846 62.49198 58.31187 54.67789 49.81871 45.75651 41.75087 41.29747 44.90349 47.37172 49.91802 51.73925 53.48189 54.73791 55.11011 54.59266 52.17759 46.04631 44.5831 51.28629 56.87725 62.21595 65.55689 68.45557 70.17004 70.48218 69.50085 67.64786 64.09483 59.27792 54.72812 49.48363 47.40494 53.46545 59.3917 64.16593 68.28763 71.12562 73.66789 75.45846 76.83527 76.86404 76.21062 75.03764 72.49955 70.27571 66.65975 62.48734
-9999 -9999 -9999 -9999 -9999 85.52962 81.90985 80.14645 77.91845 75.10388 72.02597 70.34196 69.75598 69.10363 67.41021 65.44275 62.2356 58.19092 54.69879 50.17934 46.44204 44.0519 44.34213 46.77555 49.23676 52.03468 54.42174 56.74602 58.16764 59.19775 59.13672 57.90276 55.28833 49.77795 45.99912 51.56893 58.16008 63.82624 67.7049 70.65183 73.395 74.01793 73.13926 70.01377 65.84013 61.49075 56.33019 51.20627 49.6401 55.10091 60.98294 66.3035 70.69447 73.83311 75.75935 78.2424 79.32217 79.03428 77.51611 75.35586 71.96185 69.11694 64.98637 60.27094
-9999 -9999 -9999 -9999 -9999 83.96705 80.89274 79.20537 75.80109 73.02068 68.8629 66.46479 66.04148 65.51889 63.92388 61.17849 58.04728 54.38853 50.84397 47.2256 44.25658 44.67402 48.33371 51.51905 54.34809 56.68897 59.34423 61.69787 63.09376 63.65631 63.47459 62.00446 58.13736 53.80809 47.99112 52.1562 58.04675 64.08214 68.59425 72.44817 75.48842 76.62471 75.60783 72.1363 67.29163 62.91869 57.84364 52.50253 52.05884 57.54524 63.07428 67.61279 72.27016 75.64772 78.69473 80.47894 80.3039 79.17286 76.49931 73.40563 70.36066 67.2703 63.39129 58.10625
-9999 -9999 -9999 -9999 88.58257 84.15837 81.22767 77.08759 73.30814 70.88284 67.17039 63.47488 62.79595 61.75975 60.05123 57.6249 54.34018 51.11636 47.70205 45.22826 45.53848 48.50074 52.6189 55.79277 58.66201 61.22702 63.76234 65.67081 66.58208 66.88024 66.56988 65.03479 61.82162 57.26215 50.94643 52.39562 58.40077 64.47279 68.70808 73.04539 77.83321 78.69561 77.23815 73.80965 67.97565 63.38588 59.49029 54.43184 54.03902 59.87102 65.95737 69.82269 73.95322 77.71202 80.8453 81.76244 81.05537 78.60464 74.81292 71.62408 68.33912 64.44976 61.00905 55.42529
-9999 -9999 -9999 -9999 88.20246 85.07977 81.30888 77.98022 74.31714 69.46262 65.3922 61.52207 59.39803 58.12404 56.22017 53.74429 51.1165 47.88449 46.35363 46.57087 48.81802 53.41477 56.87523 59.88542 63.20255 66.06406 68.18279 69.41703 70.58418 70.83312 69.85495 68.23778 65.11974 59.7881 53.61885 53.60997 59.41792 66.04967 69.96465 75.5934 79.36324 80.02171 78.68459 74.73828 69.73161 65.87428 62.06574 57.20894 57.14129 61.55738 67.67666 72.31976 75.61581 79.80882 82.47135 82.54151 81.26729 78.48431 73.04179 69.592 65.22286 61.31924 57.18663 51.8156
-9999 -9999 -9999 -9999 88.12605 86.189 82.59605 79.7933 75.93282 71.80772 67.46964 63.64813 59.44851 55.07798 52.62859 50.50956 48.981 47.78661 48.25939 50.87078 55.13182 59.38566 62.19302 64.91422 67.18958 69.61272 72.10654 74.37427 75.28429 75.30639 74.34077 71.7728 67.4151 63.10641 56.02836 54.42577 61.48693 67.80727 72.93401 77.69559 80.43919 81.28382 80.32054 76.92049 73.28489 68.27885 63.49872 63.16043 63.12928 63.47977 68.75586 74.4546 78.00784 81.93247 83.53045 82.89764 80.75119 76.87564 71.42112 67.66219 62.1366 57.59376 52.19136 47.56697
-9999 -9999 -9999 -9999 87.51295 85.81474 82.52106 79.71216 76.28558 72.72671 68.53831 65.10229 61.97166 55.98442 51.13234 49.45979 49.88932 51.42018 52.16448 55.01331 59.35108 63.66089 66.24603 68.54345 70.89011 74.20433 77.21323 78.63321 79.28427 78.8095 77.25787 74.64015 69.92906 64.98567 59.02579 56.43723 62.3862 68.40428 73.6501 78.38528 81.87049 82.8395 82.09248 79.092 74.74426 69.90543 67.86274 68.60407 68.5703 66.62228 71.90075 76.63768 80.12033 83.06236 84.26993 83.17629 79.85196 75.50677 69.65212 65.20259 61.08086 53.9182 52.27876 54.24747
-9999 -9999 -9999 -9999 -9999 84.70935 81.78026 78.5843 75.82031 72.48581 68.67818 65.6073 61.79443 56.59077 50.74262 50.11491 52.34955 54.17518 55.34258 56.37923 61.7258 65.88924 69.32478 72.07945 75.12345 79.15726 81.68182 82.9457 83.17059 82.30289 80.37364 76.38119 72.624 66.6091 60.92222 58.2056 63.32955 69.07482 74.71989 79.39533 83.40995 84.72037 83.95722 80.52931 76.84235 75.09947 73.77843 74.446 73.86121 72.33566 75.50027 79.05893 82.35529 84.6308 85.25652 83.16908 80.30264 75.06413 68.27445 63.9767 58.87788 58.16285 59.0323 61.65823
-9999 -9999 -9999 -9999 -9999 82.41671 79.53621 76.71976 74.70927 71.62174 68.04516 64.8157 60.12142 54.87009 50.94412 53.06483 57.07383 58.9314 60.34949 60.15233 61.38437 67.04133 71.78364 75.58463 79.40565 83.18021 85.32599 86.30943 86.8 86.32957 83.18818 78.24842 74.34763 68.47773 61.56447 61.42317 65.96324 71.30003 76.23139 80.33739 84.90575 87.41817 87.60677 83.14259 80.82135 79.42103 78.64572 79.40462 77.77096 76.61345 78.86114 82.10101 84.50072 85.48683 85.44725 83.7315 80.47883 75.64881 69.48348 64.56268 64.57865 64.68297 65.48502 65.82467
-9999 -9999 -9999 -9999 81.41473 78.88834 76.3608 74.72731 73.12346 70.08186 66.37474 62.74826 57.41274 52.46023 52.31284 55.97424 61.57618 63.87941 64.44336 64.81689 63.3384 66.93086 73.29538 78.06202 82.76322 86.28758 88.52052 90.00233 90.3553 89.32074 85.43124 79.93631 75.18977 71.1446 66.19447 68.29808 71.30191 74.44114 77.21114 81.35171 85.80005 88.64361 89.72238 87.82742 84.87604 84.61427 84.31782 84.35722 81.30524 80.18714 81.76995 83.40443 85.0696 85.48067 85.48972 84.09283 79.50095 76.02975 75.03106 72.81498 70.96851 69.56574 69.27988 69.07541
