data/asc/elevation_90.asc
ncols         104
nrows         124
xllcorner     437168.40625
yllcorner     5417446.5
cellsize      90
NODATA_value  -9999
[rows 58 to 86 of 124, columns 0 to 63 of 104]
-9999 -9999 -9999 -9999 80.24769 77.45745 74.93297 73.14492 71.09671 67.82838 63.95073 59.52602 54.15561 53.26043 54.70414 58.00434 63.90364 67.33309 68.43665 68.86639 70.25082 69.86414 73.54369 79.1444 84.24077 88.06252 91.03979 92.38754 92.80333 91.7378 88.16855 82.85223 77.61896 74.88217 73.65335 74.29875 77.07053 78.61863 80.40906 83.18398 86.52113 89.28651 90.10916 89.48376 87.9981 87.36311 86.41833 85.76681 82.78098 80.70609 80.13512 81.5675 83.62071 84.9262 85.48081 84.58459 82.19567 80.22482 77.52968 76.19269 75.97892 74.34451 73.48066 72.75198
-9999 -9999 -9999 85.91836 80.51393 77.31594 73.97092 71.23776 68.442 64.89446 61.1995 55.78564 55.14576 57.42642 58.64608 60.42147 64.35097 69.15295 72.15651 74.04202 74.94457 75.80231 77.10374 79.4384 84.14953 88.92023 92.32119 93.35658 93.8919 93.33998 89.74486 85.65274 81.1141 79.20848 78.73186 78.90043 80.69634 83.15472 86.24724 87.68137 87.90144 88.95564 90.05609 89.4554 88.12223 87.48169 86.3261 84.03822 80.72533 78.39944 76.38094 78.50264 80.93284 82.53501 83.79404 84.0233 83.84896 83.40642 81.42789 80.30715 79.83119 78.70399 76.85344 75.52998
-9999 -9999 -9999 85.95219 81.17014 77.80084 73.23647 69.63999 66.00446 62.90142 57.75478 56.21689 59.58583 62.3732 62.94501 63.59467 65.57056 70.09927 74.71636 77.45168 79.32259 80.43209 81.49577 84.56648 86.46119 89.14326 92.35876 93.70844 94.26508 94.31161 91.58734 87.29767 85.51662 83.9875 83.88643 84.39536 85.51871 86.87607 88.51926 89.63642 89.56081 89.22475 88.98462 88.25308 86.15834 86.02218 84.61475 81.54832 79.05302 76.12186 73.2262 75.15845 77.54303 78.8976 80.68642 82.80919 83.65043 83.52573 83.28407 82.76567 81.98554 80.74549 78.77451 76.92867
-9999 -9999 -9999 85.50354 81.34525 77.29594 72.86892 68.70555 64.39879 61.05954 57.8019 60.71313 64.03603 66.40075 67.80038 68.66451 70.74845 72.8154 75.9083 79.99522 82.95242 84.78168 86.32212 88.31087 90.14796 90.95271 93.17427 93.92539 94.2125 94.54768 93.71198 90.08797 88.41746 87.51504 86.79294 86.3598 86.18876 87.1327 88.32017 89.50036 89.96929 88.8945 87.26037 85.20629 82.2487 81.00342 80.1712 78.47359 75.86237 73.69754 70.06274 71.08649 74.68423 75.78186 78.00399 80.76437 82.55882 82.73494 83.14207 83.09791 82.86387 81.82179 79.52643 77.10465
-9999 -9999 88.23008 84.49876 79.893 76.3945 72.11539 68.02782 63.57626 59.88382 60.25871 64.35774 67.03612 70.10218 73.13859 74.71151 75.80462 76.31578 78.28519 82.10649 85.96915 87.76961 89.70686 91.53431 92.52223 92.35943 92.23239 92.22408 91.62391 93.59741 93.16518 91.34022 89.68134 88.41364 87.14728 86.08514 85.07359 84.61651 86.22683 87.50966 88.62354 88.06763 86.12164 81.85658 77.66447 75.96473 76.06998 75.0886 73.69026 70.16143 65.34711 66.1881 70.00517 72.05327 75.72523 77.33069 78.85197 80.97681 82.6953 83.00653 82.95311 81.94663 79.42302 76.20437
-9999 -9999 87.37979 83.32605 79.59582 75.807 71.48499 67.16962 62.75005 60.75907 63.87144 67.69116 71.18553 74.02674 76.21433 78.23552 79.82955 80.69599 81.62316 84.98901 88.59816 91.24807 93.13418 94.10721 93.97332 92.14905 88.16726 87.00465 87.3155 89.09439 89.0738 88.65664 87.89735 86.79364 85.86658 84.58161 82.57004 80.78444 81.87857 84.33942 86.45223 86.52795 84.70208 80.29537 74.85917 71.40846 72.67151 72.29816 70.36301 67.26279 62.9591 62.07783 64.99189 68.82511 72.37395 74.42065 76.19118 78.82523 81.63483 82.74595 82.61668 81.38939 78.64981 75.29971
-9999 -9999 86.6573 82.81755 79.52705 75.76847 71.57095 66.99057 62.81308 63.30267 67.9141 72.11854 74.36517 76.46474 79.11965 81.46819 84.29884 85.38003 85.96338 86.83727 90.30566 92.75023 94.61156 95.48348 94.65025 92.47144 87.13298 82.72483 81.91156 82.85754 83.94131 84.1433 83.87 83.54353 82.70561 81.15762 79.31762 76.1986 78.68714 80.67799 83.12081 84.09171 82.49271 79.47776 74.76307 68.51048 66.65011 67.45926 66.11507 63.44492 59.69269 58.22196 62.79263 66.3969 68.74118 70.48728 74.07146 77.61208 80.07779 81.89156 81.89748 79.74086 77.3876 74.77314
-9999 -9999 -9999 81.78033 78.40909 75.2292 71.38393 66.95904 63.97667 66.75411 71.80129 75.00921 77.43759 79.80001 82.52093 85.50228 87.92136 88.69199 89.43097 91.12047 92.33759 93.64597 95.38756 95.79532 94.65582 91.81377 87.03552 81.01642 76.9451 78.24727 79.85017 80.20546 79.80665 79.15384 78.35941 77.3802 76.32074 73.23752 75.28989 77.7117 79.58037 81.44875 80.99891 79.17303 74.68036 69.5347 63.24065 62.82741 62.24994 58.66569 54.78461 55.30616 60.56071 63.91206 65.26974 67.18514 71.38634 76.19377 78.42971 80.07213 80.42143 78.47635 76.13116 73.83282
-9999 -9999 -9999 80.26674 77.96581 75.26752 71.87642 68.59299 66.68129 71.21969 75.13908 77.56876 80.49963 84.04406 86.5877 88.94728 90.8528 92.44326 93.35421 93.53592 92.9453 93.50467 94.95191 94.88709 93.8483 89.65875 85.37909 80.87575 75.18551 72.55951 74.66075 75.12506 75.09447 75.0118 74.65334 74.08669 72.93782 69.6459 71.83273 74.58733 76.17822 78.89564 79.4993 78.07691 74.08865 69.22524 64.05753 58.28489 56.75658 55.33569 51.18407 52.40996 57.12518 59.82865 61.21964 65.98027 69.61263 73.66975 76.52994 78.00433 78.50011 77.14384 75.15579 72.9546
-9999 -9999 -9999 79.61504 78.51449 76.6469 75.02977 71.29579 69.44982 74.46173 77.71194 81.02922 84.40602 87.15269 89.57552 92.07148 94.0653 94.72604 94.57649 92.34824 90.63619 90.63615 92.10626 93.24531 92.12895 87.90119 83.83078 79.6649 73.85604 68.30454 68.67696 70.70381 71.21127 71.25636 70.90321 70.12791 68.96555 65.64855 67.28107 70.59523 74.28176 76.37821 77.64532 76.93493 74.20968 69.43447 64.38344 59.27749 53.21701 50.98464 48.05289 50.18986 53.12416 55.57785 59.60869 64.47175 67.78084 71.02172 73.58648 75.64884 76.06813 75.09975 74.22464 71.73889
-9999 -9999 -9999 -9999 80.38141 79.42085 78.72595 75.00068 73.20141 76.08107 80.20696 84.04647 87.1413 89.9286 92.34758 95.01675 96.30175 96.03194 94.32888 91.22129 87.36182 85.93835 87.64034 89.5471 89.38943 87.2898 84.49265 78.95143 74.20548 69.09072 64.13216 65.03088 66.2053 66.83476 66.9512 66.34779 65.45303 61.95684 63.54052 68.22893 72.16978 74.52074 75.82172 76.01423 74.49085 70.27889 65.14239 60.06161 54.36781 49.6573 45.25482 46.48511 49.77127 53.42575 57.83725 61.91926 65.3334 68.52598 70.63302 72.87077 74.42124 73.49457 71.34254 69.02738
-9999 -9999 -9999 -9999 83.17758 82.72469 81.52464 77.1393 75.83856 79.41648 82.82657 85.97083 89.46732 92.03536 94.52315 96.7065 96.98991 96.06261 94.03243 90.176 85.95062 81.9489 82.36522 84.40417 85.96037 85.95122 84.36935 80.65781 76.25097 70.65511 65.14596 60.93948 60.50219 61.79918 62.45996 62.61504 62.09818 58.47548 62.31653 65.66236 69.37173 71.61905 74.07005 74.6396 73.93204 70.42886 66.20981 62.00914 56.64981 51.70265 44.81921 44.05802 47.39123 52.3993 55.91195 59.492 63.60174 66.10144 67.73899 69.61437 71.74281 70.8184 67.91393 64.62368
-9999 -9999 -9999 -9999 86.3868 85.79432 84.13869 79.15426 79.20621 83.19779 86.3475 89.167 91.44597 93.30079 95.72064 96.94425 96.611 95.10209 92.64371 88.59501 84.45758 79.70444 77.39131 80.0006 82.23343 83.58775 83.60414 81.52842 77.10276 72.46225 68.05267 63.13085 57.96432 55.75991 57.55772 58.48219 57.94149 55.3143 59.01003 62.26913 65.29949 68.41694 71.65076 73.32918 72.81016 69.91973 66.61462 62.70037 58.00935 52.55241 46.16304 42.3624 46.00761 50.45491 54.56448 58.21885 62.14436 64.20813 65.66229 67.24196 68.87 68.72695 66.41312 63.53347
-9999 -9999 -9999 -9999 90.15985 88.81396 87.22877 83.36702 83.66644 86.75085 89.31669 91.42646 93.29897 94.94984 95.9556 96.4053 94.89066 92.88454 90.20246 86.30835 82.50037 77.83067 72.14085 75.25675 77.61469 79.64574 81.77666 81.40624 79.06176 74.69532 70.59908 65.77908 61.89071 55.71479 52.39821 53.11539 52.85159 52.79188 55.35884 58.56012 62.57337 65.3872 67.8783 69.27978 70.02243 69.01816 66.16628 62.61951 57.91999 52.62083 46.44135 40.81451 43.65537 48.14563 52.68246 56.64352 59.84448 62.71782 64.20173 65.88889 67.0801 67.24895 65.22878 62.97295
-9999 -9999 -9999 92.8644 92.24203 90.31269 88.84391 87.67899 87.40024 88.8736 91.27195 93.64446 95.74081 96.1515 95.759 93.83405 92.11304 90.08123 87.01814 83.84473 80.14683 75.50523 68.01338 69.9372 73.43731 75.84007 79.11091 80.23269 79.60012 77.56589 73.48125 69.20749 64.66559 60.21641 53.93726 49.69747 47.9614 50.44345 52.66306 56.47771 59.89675 62.58389 64.06535 65.82142 67.49358 67.54347 64.98396 61.17877 56.7621 52.05909 45.6838 39.21098 40.79102 46.29819 51.34796 54.82198 57.69405 60.79367 63.07076 64.6006 65.27097 65.19734 63.97422 61.49917
-9999 -9999 -9999 96.38869 94.39128 92.06054 89.44209 88.51131 89.14218 90.60997 92.94243 95.96497 97.09209 97.07035 94.57369 91.06513 88.11385 86.40147 84.12107 80.77024 77.33142 73.33135 65.2107 64.44099 68.93604 72.34483 75.81532 78.16654 78.22426 77.45175 75.09853 70.49542 67.28915 63.0644 57.36758 52.27778 47.3561 46.40216 50.13784 52.58363 56.06902 59.00475 61.5407 63.32557 64.33464 64.6428 63.26457 59.83169 55.31384 51.03152 44.46997 38.28605 39.40031 44.20593 49.09951 52.5113 56.00197 58.80374 61.02349 62.09584 62.98309 63.18556 62.60784 59.73017
-9999 -9999 -9999 -9999 -9999 -9999 -9999 -9999 -9999 -9999 -9999 -9999 -9999 96.47595 91.38549 87.55328 83.85067 82.45933 80.1038 77.06011 74.40992 70.12445 64.46158 61.53098 66.61526 69.53739 72.28553 74.05415 75.56334 75.63154 74.15102 70.68262 68.35307 64.99965 59.97992 54.47229 49.83398 45.28226 45.14719 48.71955 53.02456 56.35165 58.89232 60.60207 61.32976 61.63306 60.39798 57.23907 53.49751 49.14992 42.84238 37.28078 38.42763 42.68626 47.16222 51.21211 53.81955 56.70421 58.86282 60.08419 60.89635 60.96354 60.16058 57.51706
-9999 -9999 -9999 -9999 -9999 -9999 -9999 -9999 -9999 -9999 -9999 -9999 97.54914 95.23347 90.08183 86.28814 81.21208 78.75948 75.42242 72.98907 70.70483 66.85402 63.21021 59.15311 62.52261 65.66599 68.84364 69.89903 71.30149 72.40038 71.78046 69.76042 68.01999 65.19007 61.29753 56.00924 52.01196 47.22808 43.70858 45.57627 50.55241 53.11584 55.25326 56.41151 57.09455 57.18684 56.44223 54.23416 51.53943 47.03738 41.38385 35.69382 36.77711 41.66033 45.57459 49.24109 51.76872 54.09946 56.3326 57.923 58.86163 58.77035 57.70706 55.84675
-9999 -9999 -9999 -9999 -9999 -9999 -9999 -9999 -9999 -9999 -9999 -9999 -9999 95.20756 90.25235 85.73188 80.98754 75.20372 69.77874 67.87963 66.16719 63.75692 60.76116 57.57272 58.52117 60.64929 64.51702 66.70538 68.25564 69.30936 69.00238 67.92756 66.48325 64.06623 60.42843 56.20332 52.76563 48.2016 43.08782 41.93039 45.53886 49.11741 52.23149 52.84949 52.57828 52.15462 51.26235 50.29722 48.6993 44.01663 39.27921 34.64597 36.15527 40.842 43.95668 47.0234 49.98574 52.12341 53.954 55.32349 56.09167 56.3842 55.63078 54.17336
-9999 -9999 -9999 -9999 -9999 -9999 -9999 -9999 -9999 -9999 -9999 -9999 -9999 96.12749 91.54134 86.01557 81.08924 74.86714 70.74876 66.17925 62.35181 60.31209 58.1819 56.38927 55.65693 57.98998 60.5218 61.68186 63.31645 65.253 65.47421 64.96952 63.84404 61.45065 58.43346 54.92259 51.86538 47.14925 42.94436 40.53911 41.43269 45.1847 47.86736 48.09236 46.95569 46.10204 45.89442 45.44056 43.23 40.28427 36.98797 33.19992 35.31627 40.27294 42.72031 45.46363 47.71645 50.17623 51.94934 53.00383 53.8342 54.05125 53.3116 52.48186
-9999 -9999 -9999 -9999 -9999 -9999 -9999 -9999 -9999 -9999 -9999 -9999 -9999 96.3772 93.38609 87.98649 84.95874 80.72375 76.11134 70.50787 67.53809 64.3028 60.63947 56.91137 53.99822 52.93769 56.8761 58.3066 59.07897 60.04266 60.58536 60.49216 60.02333 58.06157 55.25714 52.37644 49.43909 45.96507 42.27563 39.33057 38.18925 40.83993 41.64443 40.30189 39.99932 40.12031 40.22396 39.65656 38.77812 37.24055 34.82936 31.61872 34.18669 39.37248 41.29481 43.68044 45.67939 47.58938 49.76826 51.12978 51.55575 51.70125 51.4341 50.81212
-9999 -9999 -9999 -9999 -9999 -9999 -9999 -9999 -9999 -9999 -9999 -9999 -9999 -9999 94.614 91.56661 86.99438 84.37155 80.76664 76.59769 73.5727 69.55134 64.49139 59.91398 56.63646 51.33443 50.36259 54.67407 56.68037 57.20963 57.38541 57.07799 55.87769 53.90691 51.74582 49.13614 47.07307 43.03745 39.99187 37.66239 36.14296 35.79345 35.3027 34.85229 34.93438 35.15776 35.40212 35.4734 34.87607 33.16171 31.52237 29.54125 32.00208 36.05623 39.43985 41.1032 42.6141 44.43911 46.00569 47.30244 47.92557 48.15028 47.80706 46.68459
-9999 -9999 -9999 -9999 -9999 -9999 -9999 -9999 -9999 -9999 -9999 -9999 -9999 -9999 -9999 92.47549 89.86851 86.85569 83.47333 80.01508 76.56276 72.80096 68.22432 62.43318 58.55309 53.784 49.81322 49.30066 52.16515 53.46168 53.72209 53.112 51.15694 48.66676 46.35674 44.32727 42.38058 39.48064 37.56821 36.13443 35.36765 34.6537 33.81099 33.277 33.11001 33.04488 32.88659 32.49009 31.87021 30.35997 29.30982 28.0716 27.99403 30.51578 32.65768 35.07813 37.82935 39.74294 41.26891 42.39865 42.86898 42.84332 42.03606 40.87143
-9999 -9999 -9999 -9999 -9999 -9999 -9999 -9999 -9999 -9999 -9999 -9999 -9999 -9999 -9999 89.91815 89.05936 87.54497 84.75951 81.75558 78.7456 74.79362 70.86346 65.20776 60.48755 56.69757 52.07502 47.6624 47.37998 48.844 48.7753 47.25339 45.7858 44.06816 42.2986 40.37006 38.53516 37.47285 37.22398 37.42261 36.96836 36.227 34.84932 33.47333 32.37046 31.53566 30.71414 29.9526 29.41204 28.69508 28.10953 27.3323 26.18409 26.03104 27.47444 28.76175 30.04776 31.84986 34.63105 36.79776 37.78957 38.06144 37.6562 36.5991
-9999 -9999 -9999 -9999 -9999 -9999 -9999 -9999 -9999 -9999 -9999 -9999 -9999 -9999 -9999 87.59754 87.22118 86.02364 84.08829 81.49944 78.82537 75.20379 71.50317 66.50978 61.79436 58.04196 54.01353 50.40185 45.48796 43.99887 43.86575 43.02378 41.85012 41.11033 40.1172 38.91047 38.87352 39.5055 39.77083 40.23365 40.24725 39.54654 37.63757 35.53405 34.08528 33.56324 32.81639 31.62585 29.65822 28.83883 27.81224 26.78922 25.90785 25.03239 23.86884 24.95181 25.75707 26.19696 27.07826 30.07719 32.91061 33.8018 33.17049 32.03836
-9999 -9999 -9999 -9999 -9999 -9999 -9999 -9999 -9999 -9999 -9999 -9999 -9999 -9999 84.96819 83.57488 82.58322 82.1957 81.17111 79.55268 76.77164 73.99196 70.24519 66.41795 62.41955 58.46877 54.78171 51.47587 47.09028 43.38343 41.01154 40.81763 40.97847 41.56469 42.42001 43.12471 43.89959 44.28882 44.44435 44.99784 45.01179 43.58413 41.9852 39.92573 38.83944 38.57012 38.38945 38.02456 36.36177 32.72956 31.20236 29.61991 27.14241 25.80717 24.26687 22.79942 23.5153 23.78011 23.8336 24.31361 27.67957 29.17688 28.42475 26.72371
-9999 -9999 -9999 -9999 -9999 -9999 -9999 -9999 -9999 -9999 -9999 -9999 -9999 -9999 81.24432 79.70985 78.93535 78.72228 77.83507 75.82661 73.82748 71.12586 68.35625 65.50309 62.27227 58.11716 54.56728 51.06078 46.898 42.97599 41.82775 43.87931 45.3927 46.95999 48.13571 48.48991 48.53713 49.3 50.68053 51.12685 49.87069 48.73703 46.57352 44.29605 43.70015 43.33306 42.85157 41.8863 40.87415 39.11016 35.63767 33.46008 29.54016 26.26446 24.67452 22.4906 21.55921 21.64727 21.75501 21.88834 22.56992 23.03567 22.37964 21.74536
-9999 -9999 -9999 -9999 -9999 -9999 -9999 -9999 -9999 -9999 -9999 -9999 -9999 80.84631 78.6653 76.3457 75.42435 74.98072 73.78748 71.94899 69.95308 67.89669 65.81771 63.95126 61.16902 57.20782 53.07749 49.54865 45.26692 43.20049 45.47702 48.64673 50.75744 51.93246 52.37958 52.31427 52.49043 53.34321 54.64579 54.98034 54.31376 53.14705 51.64283 50.02388 48.6928 47.40633 46.49022 45.49677 44.06432 42.36653 40.24973 36.21983 32.36438 28.39675 25.86629 23.84789 21.39697 20.67483 20.26879 20.19251 19.99559 19.91029 19.81115 19.32194
-9999 -9999 -9999 -9999 -9999 -9999 -9999 -9999 -9999 -9999 -9999 -9999 83.75905 81.96142 79.0527 75.57372 72.30556 69.46432 68.84382 67.9831 66.35156 64.75172 63.25401 62.05137 58.92228 54.74756 51.02683 47.0908 44.34531 46.30885 50.27156 52.78846 54.47317 55.61113 55.92198 55.54988 55.47245 57.08176 58.29296 58.41172 57.9437 56.44772 55.49738 54.87239 53.96613 52.7924 50.80173 48.93485 46.49826 44.87346 42.72936 39.55818 35.90178 32.64849 28.91644 25.75208 23.03714 21.38732 20.83102 19.57997 19.1877 19.37406 18.83777 18.21719
