data/asc/elevation_90.asc
ncols         104
nrows         124
xllcorner     437168.40625
yllcorner     5417446.5
cellsize      90
NODATA_value  -9999
[rows 87 to 115 of 124, columns 0 to 63 of 104]
-9999 -9999 -9999 -9999 -9999 -9999 -9999 -9999 -9999 -9999 -9999 85.95408 84.43333 82.0614 79.05414 75.59983 72.64274 66.70524 63.8562 63.59932 62.34299 61.32539 60.18928 58.76745 55.69559 51.57491 47.48433 46.4877 47.76669 50.88532 54.19969 56.85265 58.47992 59.50563 60.39536 60.80315 60.61179 61.83974 62.49926 62.43759 61.74601 61.09579 60.00956 58.17931 56.89865 55.85378 54.45939 52.62677 50.46907 46.60806 44.42659 41.32875 38.09839 34.48335 30.96388 27.34181 23.95892 22.37251 22.08603 20.48154 18.72261 18.25358 17.65624 16.96984
-9999 -9999 -9999 -9999 -9999 -9999 -9999 -9999 -9999 -9999 -9999 87.38919 85.0425 81.83326 77.67811 73.99759 69.88226 65.08733 61.54353 59.88437 58.09604 56.64418 55.71356 54.8201 52.19828 48.64222 48.58684 50.7092 51.83479 54.60559 58.31782 60.93763 62.54051 63.86522 64.98885 65.42947 64.98347 65.29166 66.32185 66.33517 66.05917 65.13781 63.73283 61.82456 59.73775 58.20882 56.62842 54.33382 51.75767 48.13889 45.03944 41.54011 37.72154 34.30873 30.45523 26.64428 23.87422 23.50751 23.16586 22.02377 20.79257 19.37815 18.55226 18.36181
-9999 -9999 -9999 -9999 -9999 -9999 -9999 -9999 -9999 -9999 -9999 88.45476 86.1655 82.43105 78.91022 75.52061 72.73192 68.42701 64.91886 62.97623 61.94705 59.19331 55.24795 52.53896 50.33724 50.1025 52.67288 54.4945 55.5853 58.45894 61.91556 63.98796 65.84163 67.59556 68.97565 69.56616 69.3455 69.54948 70.16877 69.82366 69.1424 68.23866 67.02081 65.04527 63.49553 60.97158 58.09681 55.13839 52.36528 48.52507 45.09118 41.32575 37.09355 33.39108 28.79401 26.05069 24.88273 25.31244 26.13977 26.66372 26.31893 25.47199 23.97427 21.91522
-9999 -9999 -9999 -9999 -9999 -9999 -9999 -9999 -9999 -9999 -9999 88.46151 87.82317 84.62594 81.75237 78.81331 75.52817 71.99206 68.54167 66.51597 64.88589 62.80878 59.62247 54.54633 51.32349 53.766 56.62646 58.7563 60.03438 61.66306 64.43766 67.15655 69.73253 72.01024 73.11079 73.1596 73.0715 74.28589 74.24048 73.57305 72.59097 70.85329 69.12282 67.49956 65.09959 62.45644 58.98563 55.3946 52.15651 47.82409 44.39852 40.43221 35.81057 31.67465 27.02351 25.69293 26.28303 28.67935 30.70634 31.77502 31.68605 30.79902 29.48486 27.66829
-9999 -9999 -9999 -9999 -9999 -9999 -9999 -9999 -9999 -9999 -9999 -9999 88.5978 87.60387 84.63192 81.06931 77.71013 74.96649 73.04595 70.20114 67.55773 64.20239 61.14742 55.84644 54.16427 57.5746 60.85433 62.77158 63.47893 64.30374 66.66598 70.04991 73.34125 74.98454 76.27293 77.03714 77.05991 77.50171 76.9136 76.0996 75.14845 73.06339 69.94462 68.11993 65.26754 62.40648 58.77346 54.67879 51.01939 47.02466 43.19385 38.32307 34.11866 28.27541 25.10793 25.48272 29.36523 33.44925 34.80996 35.41216 35.15689 34.50195 33.20929 31.68196
-9999 -9999 -9999 -9999 -9999 -9999 -9999 -9999 -9999 -9999 -9999 -9999 -9999 89.20098 87.56482 83.72717 81.28822 79.2533 76.56458 73.36743 69.45055 65.64275 61.63005 56.02829 57.23606 61.06576 63.71825 65.61079 66.99256 67.93214 68.81445 71.84174 75.18019 77.77414 79.90128 80.6087 80.4531 80.02486 79.08354 77.73824 76.33627 73.40479 70.01377 67.6998 64.2534 61.14752 57.31196 53.0512 49.65017 45.45258 41.29988 35.49934 31.2948 26.06866 25.92516 29.16877 34.95179 38.46301 39.70074 39.68686 39.04824 38.30192 37.13711 35.44173
-9999 -9999 -9999 -9999 -9999 -9999 -9999 -9999 -9999 -9999 -9999 -9999 -9999 90.19369 89.50159 86.79742 84.42468 82.1718 78.9473 74.96401 70.57327 66.55855 61.36654 57.90063 60.6559 63.68843 66.44547 68.82881 70.58394 72.11561 72.51032 72.92202 76.4524 79.76589 81.62805 82.60112 82.4221 81.51849 79.9769 77.94526 75.66912 72.0324 68.71423 65.47205 62.54718 59.28365 55.28836 51.15852 47.56966 43.09377 38.78686 33.55531 29.21079 26.59303 29.97285 36.07122 40.04655 41.52893 42.68451 43.17274 42.63707 41.73909 40.53835 39.20444
-9999 -9999 -9999 -9999 -9999 -9999 -9999 -9999 -9999 -9999 -9999 -9999 -9999 -9999 90.92799 89.01485 86.41154 83.78131 80.41262 75.56403 71.31702 66.70041 61.65637 59.88843 63.3377 66.23547 69.85118 72.69794 74.60572 75.64448 76.2122 76.64131 78.84097 81.63026 84.47981 84.33253 83.57041 82.10964 79.52272 75.95263 72.42733 69.22616 65.56867 62.57256 60.02071 56.55235 53.15073 48.87088 44.90282 40.67105 36.06388 31.95537 28.95748 31.43903 35.92223 39.90084 42.51479 44.97065 46.37562 46.70059 46.56115 45.85286 44.47952 41.91993
-9999 -9999 -9999 -9999 -9999 -9999 -9999 -9999 -9999 -9999 -9999 -9999 -9999 -9999 91.11135 89.81129 87.00514 84.39714 80.70872 75.67486 71.60025 66.46815 61.97498 61.72556 65.55692 69.762 73.42365 75.52156 77.6974 79.19383 79.95607 80.16225 81.34402 83.77821 85.27232 85.11124 83.66385 81.10158 77.7354 72.31361 69.38605 66.51066 62.5669 58.56606 56.19707 53.84888 50.43355 46.29165 42.2016 38.70663 33.99155 31.00387 31.98505 36.15198 39.86344 43.06199 46.16804 48.85543 49.90453 49.84042 49.44444 48.62666 47.21763 44.39729
-9999 -9999 -9999 -9999 -9999 -9999 -9999 -9999 -9999 -9999 -9999 -9999 -9999 -9999 -9999 89.13512 86.57809 83.84165 79.75666 75.65213 71.5992 66.86011 64.76379 65.27956 68.39121 72.82351 75.66629 78.57213 80.78493 82.54729 83.366 83.66721 84.54984 85.31542 85.799 85.46155 83.10008 80.47858 75.44109 70.02768 67.29079 64.12985 60.27863 55.56894 52.20555 50.19461 46.99875 43.55099 40.49262 35.82977 32.79259 32.34404 35.7831 40.35523 43.1398 46.7631 50.27966 52.30463 53.54873 53.531 52.3684 50.66837 48.79925 46.14371
-9999 -9999 -9999 -9999 -9999 -9999 -9999 -9999 -9999 -9999 -9999 -9999 -9999 -9999 -9999 87.38219 85.71028 82.94473 79.11195 76.4038 72.92279 70.20338 69.83422 69.24922 70.91755 74.88605 78.1139 81.39831 83.98641 85.86011 86.26252 86.10629 85.82501 85.8835 85.57021 84.43594 81.74908 80.13043 74.30421 69.20126 65.56728 61.44271 57.031 52.90144 50.04443 46.60002 43.78101 41.1712 38.17939 33.99847 32.48453 34.71019 39.65323 43.27345 46.67784 49.91096 52.74105 55.13241 57.0561 57.1041 55.4462 52.80621 49.82577 47.26346
-9999 -9999 -9999 -9999 -9999 -9999 -9999 -9999 -9999 -9999 -9999 -9999 -9999 -9999 -9999 -9999 85.23894 83.25285 80.30974 77.64742 75.64982 74.89263 74.4245 73.38438 73.17561 77.12458 80.47527 83.90401 86.4973 87.69022 87.7787 86.83202 85.50599 85.07372 83.91682 81.67906 80.23849 78.61136 73.50764 69.06045 65.2789 60.83199 55.22201 51.18785 47.35837 43.55609 40.69062 39.02126 35.39143 33.01922 33.90713 38.03092 42.67923 46.165 49.33775 52.27645 55.08179 57.41222 59.00311 59.25484 57.45148 54.60811 51.16866 47.53732
-9999 -9999 -9999 -9999 -9999 -9999 -9999 -9999 -9999 -9999 -9999 -9999 -9999 -9999 -9999 -9999 -9999 83.60292 82.17053 79.41904 -9999 76.75178 77.32409 76.50977 76.73186 79.39296 82.63024 85.8541 87.82533 88.41798 88.34898 86.75896 84.33827 82.46674 80.43331 78.95874 77.79875 76.17769 71.51096 67.89669 64.47066 60.17033 54.70914 51.43413 46.37387 42.10818 38.89251 35.90762 34.0026 34.2788 37.54081 41.86459 45.72914 48.97233 51.8279 54.97671 58.05524 61.20227 62.31604 61.7802 59.19663 55.3337 51.98878 47.66566
-9999 -9999 -9999 -9999 -9999 -9999 -9999 -9999 -9999 -9999 -9999 -9999 -9999 -9999 -9999 -9999 -9999 -9999 -9999 -9999 -9999 -9999 -9999 80.0751 79.20166 80.67152 84.32803 87.18224 88.2821 88.54404 88.21617 85.38377 82.69816 79.55338 76.81695 75.34653 74.68588 73.39263 68.72768 65.02811 62.51048 58.56039 54.19538 50.93394 45.87313 41.39874 38.00267 35.01492 34.9469 37.72563 41.5125 45.74752 48.74933 51.58256 54.85453 58.31485 61.28851 63.81212 64.53373 63.51074 60.51478 55.69727 52.31635 47.52365
-9999 -9999 -9999 -9999 -9999 -9999 -9999 -9999 -9999 -9999 -9999 -9999 -9999 -9999 -9999 -9999 -9999 -9999 -9999 -9999 -9999 -9999 -9999 -9999 82.50453 83.41373 86.04951 87.70734 88.63469 88.54907 86.87405 83.35444 80.6646 77.17488 73.89639 71.61179 70.8821 68.92932 66.0181 63.13893 60.52005 56.74238 53.44469 49.54145 45.02815 40.32559 36.20945 35.61901 38.09692 42.06526 45.67642 49.06224 51.58868 54.66443 57.9804 61.21174 64.06008 65.3476 65.60461 64.42651 60.95039 55.84668 52.14428 47.16082
-9999 -9999 -9999 -9999 -9999 -9999 -9999 -9999 -9999 -9999 -9999 -9999 -9999 -9999 -9999 -9999 -9999 -9999 -9999 -9999 -9999 -9999 -9999 -9999 -9999 85.38255 87.35878 88.06728 88.36047 88.05162 84.71494 81.38509 77.9994 74.30103 70.96897 68.64277 66.72537 64.79161 62.45898 60.83279 58.40409 55.16377 51.99413 47.86834 43.02322 38.29842 35.99715 38.85751 43.14911 46.85078 49.65252 52.32396 55.01457 57.8714 61.05422 63.4906 65.98024 66.70782 66.18086 64.13073 60.5993 55.80676 51.67038 46.62746
-9999 -9999 -9999 -9999 -9999 -9999 -9999 -9999 -9999 -9999 -9999 -9999 -9999 -9999 -9999 -9999 -9999 -9999 -9999 -9999 -9999 -9999 -9999 -9999 -9999 -9999 -9999 88.33932 88.19309 86.9376 82.82744 79.21348 75.35502 72.71629 68.84734 65.50225 62.23449 60.5778 59.45571 57.93254 55.58477 53.09811 49.82766 45.45765 40.19785 37.36356 39.89077 44.74125 48.38531 51.43256 53.50531 56.40517 59.0597 61.53843 63.53228 65.91608 68.27661 68.02051 66.68723 63.90724 59.82088 55.3214 51.38243 46.54615
-9999 -9999 -9999 -9999 -9999 -9999 -9999 -9999 -9999 -9999 -9999 -9999 -9999 -9999 -9999 -9999 -9999 -9999 -9999 -9999 -9999 -9999 -9999 -9999 -9999 -9999 -9999 87.97321 87.29561 84.67635 80.90323 77.93505 74.90301 72.26599 67.71396 63.45296 59.04482 54.77979 54.19748 54.27334 52.9788 50.78003 46.87305 42.48049 38.46839 40.43242 45.13093 49.81472 52.66973 55.17772 58.37843 61.02524 62.82598 64.17593 66.10071 68.8858 70.0188 69.37983 67.29977 64.03148 59.86661 55.39397 51.42959 47.32096
-9999 -9999 -9999 -9999 -9999 -9999 -9999 -9999 -9999 -9999 -9999 -9999 -9999 -9999 -9999 -9999 -9999 -9999 -9999 -9999 -9999 -9999 -9999 -9999 -9999 -9999 87.98195 87.00164 85.16962 82.36693 79.7166 76.92342 74.23548 71.14169 67.53298 63.31959 58.70872 52.73759 50.82659 51.0148 50.41579 47.49628 43.31159 40.30559 40.40033 44.52209 49.62465 52.97352 56.22472 59.42446 61.78198 63.74196 65.44111 67.11495 69.28611 71.84723 71.73781 70.44135 67.64503 64.05581 60.48454 55.8191 51.72114 47.01347
-9999 -9999 -9999 -9999 -9999 -9999 -9999 -9999 -9999 -9999 -9999 -9999 -9999 -9999 -9999 -9999 -9999 -9999 -9999 -9999 -9999 -9999 -9999 -9999 -9999 -9999 87.34731 85.22212 82.74847 80.20206 78.03979 75.33646 72.49511 69.48883 66.23476 62.39784 57.43386 52.13588 48.80418 46.54716 45.4544 43.19214 41.22639 41.18427 44.30465 49.20082 52.95122 56.11866 59.50679 62.12796 64.20732 66.81945 69.08083 70.12053 72.97096 74.00471 72.90852 70.79924 67.32711 63.9323 60.39969 55.8255 51.46342 46.50937
-9999 -9999 -9999 -9999 -9999 -9999 -9999 -9999 -9999 -9999 -9999 -9999 -9999 -9999 -9999 -9999 -9999 -9999 -9999 -9999 -9999 -9999 -9999 -9999 -9999 -9999 85.70549 83.73936 80.81999 76.45834 74.6374 72.39485 69.47373 66.65378 63.4181 59.55573 55.58163 51.22379 47.84768 44.5451 43.51841 42.77477 42.37121 43.08737 47.25895 52.83648 55.8256 59.26904 62.73327 65.02081 67.398 70.52276 73.64787 74.50182 75.18225 75.3791 73.5275 70.5918 66.8456 63.7228 59.50367 55.06536 50.4217 45.75508
-9999 -9999 -9999 -9999 -9999 -9999 -9999 -9999 -9999 -9999 -9999 -9999 -9999 -9999 -9999 -9999 -9999 -9999 -9999 -9999 -9999 -9999 -9999 -9999 -9999 -9999 83.87371 82.72949 80.27967 75.74393 70.79348 68.40125 65.54437 62.65454 59.13704 55.97438 52.67515 48.23527 46.7178 47.60084 47.2953 45.83128 44.41526 44.01499 49.7921 54.4172 58.49611 62.05885 65.60279 68.0654 70.43561 73.2823 75.59595 77.09486 77.14698 76.20077 73.8495 70.24805 66.47997 63.18776 58.20392 53.87024 49.16726 43.77227
-9999 -9999 -9999 -9999 -9999 -9999 -9999 -9999 -9999 -9999 -9999 -9999 -9999 -9999 -9999 -9999 -9999 -9999 -9999 -9999 -9999 -9999 -9999 -9999 -9999 -9999 82.83006 82.14523 79.22166 75.05154 69.65831 65.97929 61.38349 57.77432 55.23645 52.94255 52.7571 53.26361 52.90755 52.39989 51.97742 50.73737 47.54187 45.88033 51.13797 55.75642 60.15673 64.22764 67.71462 70.41922 72.66116 74.93374 77.40355 79.14811 78.50187 76.46747 73.70576 69.44227 65.76308 62.22984 56.92952 52.81258 48.3164 43.16854
-9999 -9999 -9999 -9999 -9999 -9999 -9999 -9999 -9999 -9999 -9999 -9999 -9999 -9999 -9999 -9999 -9999 -9999 -9999 -9999 -9999 -9999 -9999 -9999 -9999 -9999 -9999 80.9958 77.32932 73.6349 69.73256 66.2019 63.15742 60.32631 57.97725 57.30154 57.76747 58.19609 57.90168 56.92508 55.79438 53.9662 51.22522 46.98075 51.71667 56.93235 61.289 65.34766 69.09149 72.48553 74.54238 76.47816 78.57059 79.54506 78.87158 76.6905 73.11066 68.61236 65.04542 61.6985 56.58011 52.7278 48.47826 42.40072
-9999 -9999 -9999 -9999 -9999 -9999 -9999 -9999 -9999 -9999 -9999 -9999 -9999 -9999 -9999 -9999 -9999 -9999 -9999 -9999 -9999 -9999 -9999 -9999 -9999 -9999 -9999 79.86944 77.586 75.8422 74.25879 70.60044 67.13963 64.62815 63.97908 63.06146 61.5744 62.46741 62.30772 61.74611 60.58707 58.25867 55.22009 50.04741 51.77047 57.49542 61.77933 65.58898 70.22558 73.93309 76.03831 78.15812 79.71845 80.04077 78.94612 76.34689 73.18841 68.55142 65.07307 61.70623 56.33239 52.3412 47.72173 41.51672
-9999 -9999 -9999 -9999 -9999 -9999 -9999 -9999 -9999 -9999 -9999 -9999 -9999 -9999 -9999 -9999 -9999 -9999 -9999 -9999 -9999 -9999 -9999 -9999 -9999 -9999 -9999 -9999 -9999 77.04739 75.92838 73.94602 70.76544 69.33936 67.96398 66.40837 66.01215 66.25211 66.39439 65.48376 64.19582 62.7411 59.65127 53.94397 52.15903 57.14119 61.6147 65.65184 70.62858 74.55444 77.45441 79.71171 80.72476 80.4724 78.58339 75.83878 72.69168 68.45861 64.68118 61.00465 55.92799 51.55173 45.98689 43.89837
-9999 -9999 -9999 -9999 -9999 -9999 -9999 -9999 -9999 -9999 -9999 -9999 -9999 -9999 -9999 -9999 -9999 -9999 -9999 -9999 -9999 -9999 -9999 -9999 -9999 -9999 -9999 -9999 -9999 -9999 76.40856 75.44952 73.81843 71.63597 69.88907 69.88942 70.36691 70.58904 70.39384 69.34015 67.30344 65.13551 62.76249 57.60799 54.00679 59.58775 63.10942 66.1587 70.64057 74.7107 78.12141 79.96037 80.26964 79.53244 77.65846 74.68308 70.99543 67.20863 63.64918 60.07685 54.84187 50.63264 45.97108 49.58773
-9999 -9999 -9999 -9999 -9999 -9999 -9999 -9999 -9999 -9999 -9999 -9999 -9999 -9999 -9999 -9999 -9999 -9999 -9999 -9999 -9999 -9999 -9999 -9999 -9999 -9999 -9999 -9999 -9999 -9999 -9999 76.21066 74.78667 73.17666 72.92269 74.06055 73.96595 73.88512 73.88309 72.88525 70.98785 67.85977 64.54422 59.93496 56.64712 62.15942 65.75402 68.29105 71.87425 75.2176 78.33897 79.6793 79.52398 78.82901 77.12458 74.69106 70.80211 66.66518 63.21692 59.006 53.96819 50.52483 50.91165 52.93797
-9999 -9999 -9999 -9999 -9999 -9999 -9999 -9999 -9999 -9999 -9999 -9999 -9999 -9999 -9999 -9999 -9999 -9999 -9999 -9999 -9999 -9999 -9999 -9999 -9999 -9999 -9999 -9999 -9999 -9999 -9999 -9999 -9999 -9999 -9999 -9999 76.9278 78.13019 77.95341 75.74635 72.84697 70.6396 67.0631 62.33464 59.58862 64.85968 68.26739 72.18294 75.73499 77.40802 78.54703 79.16712 -9999 77.84682 75.82462 74.03101 70.81862 66.85762 63.27988 59.05226 54.40985 52.61094 53.87625 55.599
