data/asc/ndvisd_90.asc
ncols         104
nrows         124
xllcorner     437168.406
yllcorner     5417446.5
cellsize      90
NODATA_value  -9999
[rows 87 to 115 of 124, columns 0 to 64 of 104]
-9999 -9999 -9999 -9999 -9999 -9999 -9999 -9999 -9999 -9999 -9999 16.28267 17.59614 14.5001 16.63107 15.39968 9.534175 6.88117 8.069025 11.03201 10.90765 9.186405 9.740765 9.754095 10.89322 17.11817 17.55726 6.77639 11.62376 10.9387 9.858931 9.88286 8.599635 22.04348 14.26028 14.83921 12.89625 14.96472 16.25275 13.66197 13.29785 11.74047 12.46558 13.1232 13.86005 12.23571 22.22335 5.74944 7.711775 7.506855 13.13902 9.582504 3.06269 18.94094 10.84169 9.778931 10.8663 22.27273 24.03282 28.49315 21.90207 27.65835 25.56849 25.25819 27.32657
-9999 -9999 -9999 -9999 -9999 -9999 -9999 -9999 -9999 -9999 -9999 14.11954 10.92279 13.32518 18.05213 17.15184 17.13357 10.33594 10.97305 8.566995 9.41468 9.478786 18.72015 12.34715 8.405766 15.41815 8.240195 8.178345 12.82847 9.55913 14.33185 9.464045 8.997755 10.33963 13.66197 14.83921 16.63107 16.63107 14.83921 15.53836 16.42098 16.42098 15.83962 14.48948 13.1232 10.33963 23.61666 10.35581 8.629095 11.15685 9.41468 12.2885 21.36746 9.790504 9.30463 9.30463 16.71531 32.02217 30.38111 27.26988 15.52627 14.41811 29.66329 28.0155 10.35131
-9999 -9999 -9999 -9999 -9999 -9999 -9999 -9999 -9999 -9999 -9999 17.42955 14.87045 12.9298 9.740765 11.43894 10.33833 9.534175 6.752855 7.391695 8.566995 9.696475 9.100844 7.54626 7.571615 11.01125 4.910402 12.82847 11.55586 7.215775 13.3438 10.32159 21.27435 15.09736 15.23775 13.75818 11.74047 11.62376 14.72025 18.3483 17.8492 17.52631 16.25275 17.52631 15.83962 16.42098 9.507455 9.534175 12.93434 14.47476 14.20509 5.15646 11.96963 9.778931 8.73983 9.283055 22.47547 28.6382 4.698354 10.33379 11.27915 10.9387 5.10696 8.427785 6.35551
-9999 -9999 -9999 -9999 -9999 -9999 -9999 -9999 -9999 -9999 -9999 14.20808 10.9387 9.696475 12.23571 12.18566 9.100844 4.910402 7.391695 5.5676 8.349405 9.712005 10.9387 6.818915 5.185245 16.26016 11.01125 12.23571 8.112665 6.35551 13.80212 13.73083 5.380325 13.04328 11.01125 12.34422 10.33963 13.75818 10.95543 13.04328 13.75818 19.53215 18.3483 18.56119 16.78763 13.29785 8.629095 10.34401 12.75712 10.34566 7.313175 13.95396 9.260509 10.32845 9.81216 22.04348 13.18084 5.10696 13.60434 8.77345 8.866115 11.83037 10.35581 5.9178 8.566995
-9999 -9999 -9999 -9999 -9999 -9999 -9999 -9999 -9999 -9999 -9999 -9999 17.22432 11.46609 12.64479 10.92279 10.99162 21.01705 2.750857 5.10696 11.21945 9.712005 6.49419 6.6017 14.88766 5.90767 12.34422 10.90765 6.88117 5.071165 6.752855 13.80212 13.16298 16.96996 10.34247 10.97305 10.99162 13.40291 11.66051 12.34422 12.89625 10.89322 10.99162 10.33963 19.775 11.83037 8.240195 15.68478 6.752855 10.33963 23.31866 12.13811 9.23694 9.30463 6.320965 24.20694 11.87963 9.534175 13.29785 8.589021 5.900435 7.711775 10.35581 5.74944 5.10696
-9999 -9999 -9999 -9999 -9999 -9999 -9999 -9999 -9999 -9999 -9999 -9999 -9999 14.24912 13.70173 12.70299 7.9153 18.67585 21.06898 5.370595 8.924479 8.502069 6.818915 7.313175 20.24877 6.219675 9.740765 8.629095 6.752855 9.534175 21.42614 6.464915 14.24912 8.181914 11.25427 16.16764 15.66306 13.57094 9.712005 13.95986 13.25126 12.0929 6.818915 20.97574 11.15685 11.10217 8.791175 13.39351 13.1232 6.07413 7.54626 8.181914 9.766806 10.33183 22.61303 14.78435 11.78407 8.566995 10.32375 9.1308 12.82847 6.464915 7.613225 6.614515 8.566995
-9999 -9999 -9999 -9999 -9999 -9999 -9999 -9999 -9999 -9999 -9999 -9999 -9999 16.16101 16.69892 15.76737 14.30081 13.22082 16.84016 5.932985 10.92279 7.608705 8.791175 6.6017 12.58934 10.99162 8.427785 5.10696 8.566995 2.307061 7.88861 6.88117 4.698354 6.07413 6.88117 4.720479 10.33484 9.069304 9.726745 16.65759 12.2885 12.23571 3.520665 8.791175 9.534175 11.15685 15.03772 14.0829 8.924479 15.63171 9.260509 8.133485 9.790504 22.9658 14.96472 13.49546 10.34742 8.686871 8.1059 7.788795 15.7129 5.9178 7.711775 3.305882 8.566995
-9999 -9999 -9999 -9999 -9999 -9999 -9999 -9999 -9999 -9999 -9999 -9999 -9999 -9999 14.77592 16.0997 10.9387 9.100844 6.614515 7.97388 9.754095 9.696475 7.490595 5.10696 8.353625 8.02964 7.613225 4.096248 7.80333 12.0484 5.9178 5.289675 11.10217 9.478786 8.629095 7.215775 8.405766 9.069304 7.313175 6.03903 9.186405 11.46609 20.56151 17.95381 7.313175 10.35131 12.84265 11.69935 22.84474 7.66837 9.260509 9.822306 8.133485 27.65835 11.98829 12.84265 9.55913 13.60434 8.455175 10.33379 6.614515 9.447945 7.711775 5.74944 23.48355
-9999 -9999 -9999 -9999 -9999 -9999 -9999 -9999 -9999 -9999 -9999 -9999 -9999 -9999 8.77345 9.1308 8.112665 9.62504 6.752855 8.589021 10.33278 7.111775 8.791175 17.8882 9.069304 7.506855 9.447945 8.686871 12.25734 4.910402 5.9178 8.740775 6.88117 9.534175 1.591614 10.97305 9.00094 4.108285 7.10069 11.55586 10.85373 17.961 8.667915 7.66837 12.30473 22.69219 21.99417 6.35551 12.81997 9.81216 9.30463 11.43894 31.70971 12.67714 9.534175 13.60434 9.55913 9.726745 8.96381 12.13811 6.752855 9.478786 7.711775 8.427785 5.61901
-9999 -9999 -9999 -9999 -9999 -9999 -9999 -9999 -9999 -9999 -9999 -9999 -9999 -9999 -9999 10.34247 8.740775 6.35551 7.34019 9.726745 6.22357 8.791175 11.33243 13.81616 8.88275 6.614515 9.447945 7.613225 11.15685 5.289675 7.613225 5.45995 10.35581 12.67714 17.3341 9.62504 9.00094 11.03201 6.0137 9.754095 5.994565 15.35221 15.11082 11.32007 9.822306 9.283055 9.186405 12.00881 23.66331 12.58934 12.15119 3.92408 10.31359 12.93434 13.49546 10.34931 12.93434 13.22082 7.88861 15.7129 7.000505 5.61901 6.752855 20.36423 5.767945
-9999 -9999 -9999 -9999 -9999 -9999 -9999 -9999 -9999 -9999 -9999 -9999 -9999 -9999 -9999 12.87371 10.341 7.613225 9.766806 7.54626 7.571615 9.534175 17.59052 8.405766 8.566995 7.506855 5.45995 15.3866 6.219675 12.18237 12.34422 8.740775 6.48258 6.219675 6.818915 8.83841 9.62504 9.00094 7.788795 5.62813 14.67306 10.32263 8.599635 15.23354 21.9917 11.36453 9.325315 9.778931 9.790504 9.778931 9.21226 22.90227 12.34894 15.7201 10.34931 7.506855 13.47755 10.32924 6.94233 11.74047 5.767945 8.042769 7.88861 22.91651 9.447945
-9999 -9999 -9999 -9999 -9999 -9999 -9999 -9999 -9999 -9999 -9999 -9999 -9999 -9999 -9999 -9999 8.08278 11.07735 10.33379 5.89501 6.35551 10.34247 8.6294 6.07413 8.566995 6.464915 15.19793 8.686871 6.88117 10.35581 7.88861 5.90767 4.720479 12.13811 9.582504 9.55913 9.069304 8.29852 8.589021 13.47755 12.81429 10.32061 11.54196 10.74474 8.805645 7.480845 11.82934 13.40924 8.02964 8.08278 25.73542 11.07735 15.52627 10.3256 11.86217 13.40924 10.33093 9.283055 11.58892 3.293795 6.7136 7.968245 5.289675 10.34566 8.629095
-9999 -9999 -9999 -9999 -9999 -9999 -9999 -9999 -9999 -9999 -9999 -9999 -9999 -9999 -9999 -9999 -9999 8.02964 8.805645 9.21226 -9999 6.35551 7.313175 8.924479 10.35131 3.299167 11.98829 11.21945 7.968245 10.34401 8.112665 6.6017 17.59052 3.553846 11.83037 14.0829 7.571615 9.62504 8.77345 9.579175 9.923595 11.10189 9.90429 10.87945 10.87945 8.704684 9.766806 7.412235 19.87066 20.87115 10.34742 7.711775 12.76841 16.40947 11.2992 15.20908 7.130235 9.447945 12.53644 4.894851 9.754095 9.507455 8.500085 5.45995 9.378691
-9999 -9999 -9999 -9999 -9999 -9999 -9999 -9999 -9999 -9999 -9999 -9999 -9999 -9999 -9999 -9999 -9999 -9999 -9999 -9999 -9999 -9999 -9999 3.72857 8.042769 11.25427 5.289675 4.901516 9.64446 6.818915 8.112665 3.553846 7.40461 7.490595 11.03201 8.112665 7.490595 7.608705 18.83267 10.32263 9.917375 10.31971 10.78852 11.49456 11.43894 9.778931 8.6294 11.43894 20.87115 3.855883 7.711775 12.00881 14.59813 16.16101 9.87518 12.9298 6.614515 7.613225 9.00094 5.380325 8.240195 7.613225 19.0226 4.096248 4.526867
-9999 -9999 -9999 -9999 -9999 -9999 -9999 -9999 -9999 -9999 -9999 -9999 -9999 -9999 -9999 -9999 -9999 -9999 -9999 -9999 -9999 -9999 -9999 -9999 10.32845 13.40291 11.78407 4.526867 8.686871 7.313175 8.96381 20.19882 5.45995 12.18566 10.99162 4.749599 7.64808 12.13811 9.14591 10.32263 9.464045 11.17387 9.790504 10.33093 8.181914 8.73983 9.21226 11.34183 22.77676 12.75712 8.500085 12.22491 11.24137 10.3256 11.20638 12.93434 9.41468 8.686871 6.48258 11.83037 7.64808 7.391695 14.11954 11.74047 8.500085
-9999 -9999 -9999 -9999 -9999 -9999 -9999 -9999 -9999 -9999 -9999 -9999 -9999 -9999 -9999 -9999 -9999 -9999 -9999 -9999 -9999 -9999 -9999 -9999 -9999 14.77592 15.74149 14.59813 17.50132 11.66051 6.07413 6.48258 8.83841 6.279475 6.593155 18.53949 7.18473 13.80212 21.70306 9.897395 10.32263 9.822306 9.30463 9.21226 7.97388 9.23694 13.53332 20.51092 10.34931 6.88117 10.34931 12.81997 11.73863 10.78852 12.48591 4.910402 7.506855 12.93434 7.313175 9.582504 5.767945 11.98829 6.320965 6.6871 16.4469
-9999 -9999 -9999 -9999 -9999 -9999 -9999 -9999 -9999 -9999 -9999 -9999 -9999 -9999 -9999 -9999 -9999 -9999 -9999 -9999 -9999 -9999 -9999 -9999 -9999 -9999 -9999 12.58934 14.70051 16.69892 14.41811 17.39219 11.62376 9.03605 7.64808 6.918215 9.60443 13.3438 22.87963 10.75286 10.81911 10.32845 10.8663 8.667915 12.48591 16.0442 23.2446 8.686871 9.507455 9.534175 13.49546 13.66237 11.25989 11.25989 12.76414 6.752855 5.74944 6.35551 7.968245 6.35551 6.07413 21.04524 7.412235 6.22357 10.33183
-9999 -9999 -9999 -9999 -9999 -9999 -9999 -9999 -9999 -9999 -9999 -9999 -9999 -9999 -9999 -9999 -9999 -9999 -9999 -9999 -9999 -9999 -9999 -9999 -9999 -9999 -9999 10.32924 15.29209 16.54177 14.50813 14.70051 17.39219 10.9387 20.38695 18.26626 12.58934 10.84169 9.21226 8.997755 8.77345 9.23694 8.6294 10.33007 9.325315 31.01037 10.35833 8.791175 10.34742 10.34931 11.25989 10.7791 11.76765 10.32434 8.349405 6.752855 15.94256 10.34566 5.90767 5.767945 7.111775 16.2298 9.740765 10.33093 8.6294
-9999 -9999 -9999 -9999 -9999 -9999 -9999 -9999 -9999 -9999 -9999 -9999 -9999 -9999 -9999 -9999 -9999 -9999 -9999 -9999 -9999 -9999 -9999 -9999 -9999 -9999 10.85373 11.89643 12.13811 17.961 18.72015 14.30081 14.30081 18.79901 12.48591 14.30081 11.55586 22.33324 21.57679 15.29209 16.84654 11.46609 9.790504 8.73983 31.01037 14.47476 9.507455 8.740775 8.686871 16.16764 13.16298 10.7791 12.18733 12.11639 2.100045 7.000505 15.09736 8.83841 9.55913 4.569453 6.07413 10.90765 9.740765 10.33183 7.97388
-9999 -9999 -9999 -9999 -9999 -9999 -9999 -9999 -9999 -9999 -9999 -9999 -9999 -9999 -9999 -9999 -9999 -9999 -9999 -9999 -9999 -9999 -9999 -9999 -9999 -9999 9.186405 11.82934 12.53644 14.03493 12.53644 12.00881 13.25126 17.70465 10.33379 15.39968 14.0548 16.97245 15.85588 12.04984 22.45566 18.04118 21.88684 26.17356 22.10615 13.13902 9.534175 7.968245 9.507455 13.3438 10.78852 11.71072 11.79788 13.95986 7.80333 9.478786 8.83841 8.042769 7.215775 8.740775 15.7129 8.589021 8.181914 10.92279 8.589021
-9999 -9999 -9999 -9999 -9999 -9999 -9999 -9999 -9999 -9999 -9999 -9999 -9999 -9999 -9999 -9999 -9999 -9999 -9999 -9999 -9999 -9999 -9999 -9999 -9999 -9999 11.43894 14.20808 12.00881 14.11954 14.91127 12.64479 12.53644 16.36586 17.13357 11.43894 10.87945 9.186405 12.89625 10.33379 29.47096 16.50831 13.75818 16.42098 23.66331 12.84265 9.507455 9.507455 9.478786 11.71072 13.10737 11.71072 9.43323 7.88861 6.752855 13.60434 7.40461 8.791175 5.45995 3.299167 4.62786 10.33484 9.766806 6.861365 9.778931
-9999 -9999 -9999 -9999 -9999 -9999 -9999 -9999 -9999 -9999 -9999 -9999 -9999 -9999 -9999 -9999 -9999 -9999 -9999 -9999 -9999 -9999 -9999 -9999 -9999 -9999 10.84169 9.81216 9.754095 13.70173 12.64479 13.32518 11.43894 19.89043 15.31143 11.03201 21.84491 27.43942 18.4833 19.33226 12.04984 17.24564 16.83282 26.59307 27.16521 8.500085 9.534175 7.80333 10.34931 13.10737 11.22355 13.94954 11.71072 7.000505 5.45995 12.18566 7.313175 8.042769 9.534175 12.0484 9.100844 9.740765 9.778931 8.667915 9.21226
-9999 -9999 -9999 -9999 -9999 -9999 -9999 -9999 -9999 -9999 -9999 -9999 -9999 -9999 -9999 -9999 -9999 -9999 -9999 -9999 -9999 -9999 -9999 -9999 -9999 -9999 11.96963 13.1137 8.546619 14.20808 15.29209 15.26814 14.11954 16.65759 10.90765 14.80343 13.40291 14.96472 15.0244 17.27039 10.87945 19.71385 14.50813 19.72654 25.51239 19.89043 10.35581 10.35347 13.73083 13.53332 13.88161 13.10737 16.36249 7.111775 5.9178 11.05402 11.12862 8.042769 10.34566 18.4833 6.861365 10.33183 8.6294 10.33484 9.1308
-9999 -9999 -9999 -9999 -9999 -9999 -9999 -9999 -9999 -9999 -9999 -9999 -9999 -9999 -9999 -9999 -9999 -9999 -9999 -9999 -9999 -9999 -9999 -9999 -9999 -9999 -9999 9.778931 9.712005 12.70299 12.64479 10.33484 13.32518 7.18473 10.33183 12.64479 12.0929 14.37167 15.26814 15.64579 13.1137 19.14724 16.54177 23.11396 25.77797 9.534175 10.34931 7.613225 11.73863 10.75286 12.62563 10.32496 11.15685 11.21945 7.10069 9.62504 9.55913 8.791175 6.219675 7.9153 9.186405 8.181914 9.778931 8.546619 10.33484
-9999 -9999 -9999 -9999 -9999 -9999 -9999 -9999 -9999 -9999 -9999 -9999 -9999 -9999 -9999 -9999 -9999 -9999 -9999 -9999 -9999 -9999 -9999 -9999 -9999 -9999 -9999 9.766806 10.32924 12.53644 14.11954 10.92279 10.33183 10.97305 11.58892 14.30081 14.39804 14.72025 13.25126 14.03493 14.87045 14.41811 16.54177 20.24877 16.69892 26.42198 8.629095 10.34401 8.948125 13.81616 11.68388 16.54177 6.07413 7.111775 16.02786 7.968245 7.215775 6.35551 12.84265 6.12127 10.9387 11.46609 10.33278 7.480845 19.87066
-9999 -9999 -9999 -9999 -9999 -9999 -9999 -9999 -9999 -9999 -9999 -9999 -9999 -9999 -9999 -9999 -9999 -9999 -9999 -9999 -9999 -9999 -9999 -9999 -9999 -9999 -9999 -9999 -9999 16.96593 11.93221 11.46609 15.0244 11.01125 14.39804 12.13811 12.0929 19.1063 15.53344 16.16764 16.82429 17.961 15.41815 19.16459 16.83282 16.4469 15.66306 18.20046 18.42464 13.81616 11.17387 17.4736 8.566995 7.88861 10.3371 6.818915 5.45995 9.55913 18.22855 8.02964 9.159285 10.89322 9.754095 19.72654 10.34247
-9999 -9999 -9999 -9999 -9999 -9999 -9999 -9999 -9999 -9999 -9999 -9999 -9999 -9999 -9999 -9999 -9999 -9999 -9999 -9999 -9999 -9999 -9999 -9999 -9999 -9999 -9999 -9999 -9999 -9999 16.96425 12.9298 15.5295 12.89625 14.39804 11.62376 9.100844 16.65759 12.76414 14.60217 15.74149 15.31143 19.70247 18.99547 17.59614 20.05606 16.97535 17.59614 16.65759 14.60217 15.17956 12.60218 7.111775 11.03201 8.96381 6.7136 8.791175 10.34566 13.32518 8.589021 9.726745 8.73983 7.34019 14.30081 15.39968
-9999 -9999 -9999 -9999 -9999 -9999 -9999 -9999 -9999 -9999 -9999 -9999 -9999 -9999 -9999 -9999 -9999 -9999 -9999 -9999 -9999 -9999 -9999 -9999 -9999 -9999 -9999 -9999 -9999 -9999 -9999 10.89322 19.5145 15.20908 13.40924 12.9298 14.91127 12.40316 19.53215 15.40991 14.50813 13.80212 17.87142 22.52237 16.97535 20.05606 17.59614 15.76737 15.53344 15.29209 19.1063 19.52724 17.7707 19.75678 13.78364 6.6017 5.521565 14.48948 5.900435 9.740765 9.754095 9.740765 17.42955 13.78364 15.68478
-9999 -9999 -9999 -9999 -9999 -9999 -9999 -9999 -9999 -9999 -9999 -9999 -9999 -9999 -9999 -9999 -9999 -9999 -9999 -9999 -9999 -9999 -9999 -9999 -9999 -9999 -9999 -9999 -9999 -9999 -9999 -9999 -9999 -9999 -9999 -9999 15.64579 16.02786 14.70051 12.64479 17.54506 17.70465 18.04587 19.14724 13.25126 19.33226 16.02786 17.70465 13.18084 10.92279 14.39804 17.59614 -9999 16.50831 16.97535 14.91127 13.18084 17.39219 13.18084 21.57679 12.58934 20.65795 12.2885 11.49456 9.00094
