data/asc/ndvisd_90.asc
ncols         104
nrows         124
xllcorner     437168.406
yllcorner     5417446.5
cellsize      90
NODATA_value  -9999
[rows 29 to 57 of 124, columns 0 to 64 of 104]
-9999 -9999 -9999 -9999 -9999 -9999 -9999 -9999 -9999 -9999 -9999 -9999 -9999 -9999 -9999 -9999 -9999 -9999 24.53045 24.68195 9.62504 9.62504 9.069304 9.62504 7.64808 4.910402 5.61901 9.478786 7.80333 23.9307 20.24877 23.63775 23.24069 22.88218 35.71672 19.8079 22.6883 11.82934 16.97245 21.96472 25.25734 18.42005 14.0548 19.5252 20.65795 8.356925 18.67585 18.04118 20.21171 8.566995 17.96652 16.96781 16.40257 19.85275 1.476283 25.84719 27.08723 31.86729 26.07712 25.76301 26.8585 29.17632 35.88308 35.40333 24.69838
-9999 -9999 -9999 -9999 -9999 -9999 -9999 -9999 -9999 -9999 -9999 -9999 -9999 -9999 -9999 -9999 -9999 -9999 23.12708 6.918215 12.46558 8.924479 11.01125 11.01125 8.83841 3.59612 5.289675 7.88861 18.58975 9.822306 10.87945 21.15166 26.24916 25.26006 32.24217 24.20694 28.49315 17.8882 15.76737 17.54506 23.89267 17.13357 16.02786 16.6799 17.70465 24.17733 20.08607 16.82429 19.98178 25.25042 6.219675 18.96963 30.90718 20.62654 32.17443 29.81708 25.55765 22.51686 19.52337 21.39156 26.45267 20.35826 32.17443 26.55503 20.54511
-9999 -9999 -9999 -9999 -9999 -9999 -9999 -9999 -9999 -9999 -9999 -9999 -9999 -9999 -9999 -9999 -9999 -9999 25.0134 9.680085 13.29785 9.662775 10.341 8.178345 18.05213 12.67714 8.77345 11.43894 10.32627 12.65061 14.33185 19.87066 23.55196 9.696475 25.26737 21.33002 10.32845 17.8014 15.11082 19.14724 24.22588 14.11954 15.89458 20.33561 20.95543 28.59488 17.74114 19.72654 14.77592 10.36401 10.36105 10.341 21.81783 17.74114 27.54165 28.01322 21.70951 12.02592 21.30426 25.25654 28.31829 26.12996 -0.630997 -15.1612 23.06526
-9999 -9999 -9999 -9999 -9999 -9999 -9999 -9999 -9999 -9999 -9999 -9999 -9999 -9999 -9999 -9999 -9999 26.03014 22.11568 13.60434 9.64446 13.29785 9.62504 8.924479 17.6483 9.850315 20.28306 15.25412 16.96996 9.16435 21.11333 23.59735 10.9387 11.05402 14.5001 8.6294 14.96906 26.64228 19.16459 20.24877 22.04348 19.33226 17.42955 23.11396 13.70173 24.90432 22.07634 17.54506 17.8014 14.16972 9.41468 28.14417 25.6355 20.11943 6.614515 -9999 10.36725 12.81429 4.319303 12.34422 21.42614 18.66965 12.42664 24.56927 17.961
-9999 -9999 -9999 -9999 -9999 -9999 -9999 -9999 -9999 -9999 -9999 -9999 -9999 -9999 -9999 7.968245 8.042769 19.5165 25.6355 8.042769 10.341 10.34401 11.10217 9.582504 25.26006 21.06898 7.480845 14.33185 20.49651 5.356045 15.52627 25.93268 12.53644 8.405766 15.99802 12.70299 17.50132 28.8005 17.59614 19.71385 20.80369 24.99529 19.93686 20.33561 19.1063 16.97878 25.0134 18.42464 15.97517 29.05112 32.03593 34.84528 32.30532 -14.30421 -10.12503 -9999 -10.12503 17.20575 19.54257 0.881925 8.069025 17.81836 10.36725 21.47083 22.53664
-9999 -9999 -9999 -9999 -9999 -9999 -9999 -9999 -9999 -9999 -9999 -9999 -9999 7.01199 7.215775 7.313175 11.87963 29.81708 15.09736 6.6017 10.34401 8.791175 12.67714 5.45995 30.21927 28.29028 20.56151 13.86957 9.610755 15.74149 17.84389 15.79728 13.81616 28.85324 25.52042 13.18084 12.04984 23.69267 24.14595 19.12792 20.21171 20.05606 19.52724 23.44291 14.20808 17.95381 25.2591 27.54165 33.89035 26.19748 18.94094 -9999 -9999 -9999 -9999 -9999 -13.60733 12.11639 22.96488 -1.749511 8.844339 24.94808 22.18058 31.85351 33.01997
-9999 -9999 -9999 -9999 -9999 -9999 -9999 -9999 -9999 -9999 -9999 -9999 11.36453 7.10069 9.582504 6.7136 19.54257 24.32656 12.89625 11.83037 11.05402 10.341 11.69935 19.31296 26.99293 16.71531 22.96488 19.12792 18.20046 23.36006 22.19172 21.86278 21.02276 17.09365 19.20753 16.66788 15.14311 14.97182 23.24069 21.01705 21.01705 15.53344 16.50831 26.37103 33.52475 8.686871 23.69267 29.35492 29.18012 -15.44219 -9999 -9999 -9999 -9999 -9999 -9999 -15.31976 14.75413 31.56337 32.48617 32.02291 35.11966 34.53181 23.95602 25.6355
-9999 -9999 -9999 -9999 -9999 -9999 -9999 -9999 -9999 -9999 -9999 -9999 16.97245 9.55913 8.240195 7.215775 24.66446 17.22432 11.05402 9.60443 11.74047 9.00094 13.95986 28.69841 24.74225 22.90227 22.61303 21.91968 8.589021 14.60217 19.70247 14.30823 12.81997 16.96593 12.81997 20.33561 20.19882 24.00061 16.16101 27.07076 16.83282 22.18058 20.50227 14.70051 25.47218 7.391695 28.41404 -9999 -9999 -9999 -9999 -9999 -9999 -9999 -9999 -9999 -8.861754 9.790504 29.07943 18.42464 25.69008 30.00196 29.66329 16.97878 6.48258
-9999 -9999 -9999 -9999 -9999 -9999 -9999 -9999 -9999 -9999 -9999 -9999 -9999 7.313175 8.178345 12.40316 15.61018 9.801575 11.74047 16.2298 15.31143 10.33379 22.26596 6.07761 26.51906 19.98178 21.19004 14.51441 22.31755 25.84719 14.92562 17.70465 14.80343 13.54893 10.32924 22.2284 20.72392 21.33894 24.32656 23.49915 22.61303 21.91968 22.99969 5.72123 11.98829 -9999 -9999 -9999 -9999 -9999 -9999 -9999 -9999 -9999 -9999 26.82618 32.38309 17.84389 23.89267 24.40887 0.367815 4.282134 5.767945 7.111775 6.464915
-9999 -9999 -9999 -9999 -9999 -9999 -9999 -9999 -9999 -9999 -9999 -9999 -9999 9.60443 7.571615 19.0226 17.09365 16.97535 13.04328 10.3371 10.33007 12.1417 20.86119 22.31755 19.51888 12.90496 18.47713 13.61109 18.36642 29.05112 15.64579 14.39804 10.87945 12.58934 9.754095 18.12753 16.36586 19.52724 22.60796 18.79901 22.31755 22.04348 27.0269 24.53536 24.99529 27.04938 22.16363 -9999 -9999 -9999 -9999 -13.22741 34.79959 31.6792 26.51906 19.08195 23.30406 14.67306 24.69838 5.90767 5.74944 19.52023 16.82429 14.0829 11.10217
-9999 -9999 -9999 -9999 -9999 -9999 -9999 -9999 -9999 -9999 -9999 -9999 -9999 9.62504 7.10069 22.01562 29.77415 13.66197 15.7129 15.68478 25.25578 24.98142 15.97948 22.42243 17.09365 16.96278 15.83899 13.22082 16.15627 26.39278 18.60756 24.11264 13.25126 7.97388 9.100844 13.95396 24.35578 27.31661 24.26185 24.69838 21.59409 16.32819 9.832029 17.27039 18.47713 18.04118 17.59967 16.4469 23.02595 21.83017 27.84905 32.02454 10.33833 9.680085 7.40461 7.613225 15.75075 11.0763 23.31866 10.33484 8.178345 11.07735 6.48258 9.478786 11.12862
-9999 -9999 -9999 -9999 -9999 -9999 -9999 -9999 -9999 -9999 -9999 -9999 -9999 7.85369 5.900435 20.25014 11.76765 1.137872 9.55913 4.720479 7.788795 11.41301 11.43894 8.6294 27.1409 12.18733 13.66237 9.923595 11.58594 14.77592 20.41158 9.186405 9.100844 12.23571 22.60796 17.42955 17.07498 23.2446 23.55196 14.11954 10.9387 18.83267 22.93003 17.96652 19.68285 8.83841 12.93434 15.97517 17.20575 20.35826 10.35347 8.83841 8.042769 15.09736 5.10696 7.000505 29.4329 9.64446 7.26445 11.01125 7.571615 14.48948 15.3866 8.83841 6.752855
-9999 -9999 -9999 -9999 -9999 -9999 -9999 -9999 -9999 -9999 -9999 -9999 -9999 6.0137 18.22855 9.740765 14.37167 9.507455 6.48258 9.55913 7.000505 8.88275 18.42005 15.41815 23.85999 18.67585 20.54511 19.32317 17.7707 27.9424 23.95602 9.712005 11.66051 11.41301 18.42005 19.32317 20.08607 7.490595 21.41217 17.33225 11.46609 16.0442 10.89322 15.66306 8.566995 8.566995 8.629095 14.77592 20.73904 22.47547 11.07735 7.80333 7.80333 8.791175 7.391695 6.614515 17.23506 12.43763 8.96381 7.490595 8.686871 8.791175 10.34931 7.80333 3.855883
-9999 -9999 -9999 -9999 -9999 -9999 -9999 -9999 -9999 -9999 -9999 -9999 -9999 9.307014 17.06032 9.62504 10.34401 6.752855 5.9178 9.534175 8.29852 7.000505 7.97943 19.52337 20.24877 20.69803 6.089705 7.66837 11.43894 10.33379 10.33379 12.48591 8.546619 18.96963 25.26334 20.33561 12.18566 15.41815 18.74693 17.4736 11.01125 12.18566 9.662775 15.94256 9.55913 9.55913 8.791175 10.85373 19.34779 19.52172 28.19389 8.740775 7.000505 7.80333 7.711775 7.613225 14.62403 15.53836 4.391582 5.90767 5.767945 7.111775 5.5676 15.75075 19.04016
-9999 -9999 -9999 -9999 -9999 -9999 -9999 -9999 -9999 -9999 -9999 -9999 -9999 15.25412 14.72177 15.40991 6.752855 7.968245 7.968245 4.910402 7.111775 7.968245 10.33484 10.84169 16.10399 14.59813 19.33226 19.04016 12.26402 11.36453 12.2885 12.89625 19.5252 16.6799 7.9153 12.13811 14.51441 7.968245 12.89625 8.353625 7.571615 13.1232 7.64808 5.230455 9.507455 8.740775 7.215775 12.30473 20.31896 16.71531 32.6782 7.88861 5.61901 1.591614 7.88861 5.9178 6.07413 16.85214 8.740775 20.38695 14.33185 9.23694 9.778931 9.23694 10.33007
-9999 -9999 -9999 -9999 -9999 -9999 -9999 -9999 -9999 -9999 -9999 -9999 -9999 18.80659 15.14321 20.38695 7.000505 10.35131 10.35347 8.686871 8.686871 7.313175 9.186405 15.52627 17.33225 15.19371 26.03014 6.0137 22.90227 24.96579 19.71385 22.6972 12.95278 11.43894 23.69267 11.36453 11.66051 8.88275 5.90767 6.818915 8.405766 16.25275 7.10069 4.736915 3.855883 3.784813 5.90767 17.29946 23.24069 22.01562 29.86318 5.61901 8.686871 3.314511 5.90767 4.219844 7.711775 18.47272 10.85373 8.77345 9.100844 10.32924 8.133485 7.480845 9.1308
-9999 -9999 -9999 -9999 -9999 -9999 -9999 -9999 -9999 -9999 -9999 -9999 7.40461 19.52954 15.39968 19.05429 6.35551 7.88861 16.98289 5.10696 7.88861 7.571615 8.546619 12.81997 10.84169 19.83646 13.87644 20.94044 21.81783 22.60796 21.59409 10.33484 12.9298 13.04328 15.85588 10.32845 14.72025 11.12862 6.35551 8.178345 8.353625 9.62504 8.29852 9.582504 15.23775 6.88117 7.313175 20.8811 16.84016 20.68045 16.36586 3.305882 8.629095 4.901516 14.26028 7.000505 7.000505 26.02218 11.36453 9.23694 7.480845 9.740765 11.96963 11.86217 9.850315
-9999 -9999 -9999 -9999 -9999 -9999 -9999 -9999 -9999 4.901516 7.111775 9.60443 25.26592 10.33833 10.33833 12.53179 7.80333 7.88861 7.215775 4.720479 6.219675 6.818915 8.455175 16.84654 13.88161 19.36053 20.05606 7.313175 19.18028 14.70051 19.53215 21.71596 10.8663 15.53836 10.33963 19.83646 20.03096 6.818915 4.901516 8.042769 9.62504 4.894851 3.081523 11.07735 15.94256 7.968245 8.88275 14.39804 13.32518 16.84016 13.62357 -1.80923 9.507455 5.5676 19.0226 7.40461 8.629095 25.27664 11.43894 11.52445 15.76737 7.163815 8.355695 9.34514 9.766806
-9999 -9999 -9999 -9999 -9999 21.96472 18.94094 35.28913 13.03287 9.55913 8.740775 5.10696 21.4877 13.9681 9.03605 11.93217 8.629095 6.07413 9.507455 11.29183 6.752855 5.319035 5.44599 11.52445 21.30426 22.52237 16.84654 11.03201 15.09736 28.39316 12.96774 13.04328 14.72025 7.788795 14.37167 18.83267 13.86005 6.389785 4.901516 7.111775 8.88275 4.602074 10.33594 8.29852 10.99162 10.34566 8.178345 8.88275 14.39804 15.52627 15.76737 2.538282 7.80333 11.62376 17.7707 5.654915 10.35131 15.7129 10.33379 10.32924 10.32924 9.832029 7.66837 8.77345 10.33007
-9999 -9999 -9999 -9999 -9999 17.42955 29.45283 34.86603 4.922837 9.534175 6.35551 20.53361 9.507455 15.23775 16.80223 4.720479 10.34931 9.478786 6.752855 7.711775 7.968245 7.788795 8.88275 16.96593 8.240195 21.30426 25.26892 16.46868 13.57094 15.53836 16.42098 13.57094 19.75678 14.83921 10.89322 22.83507 24.03948 9.00094 7.968245 13.1232 5.380325 8.96381 14.61431 9.00094 9.159285 7.968245 6.918215 10.34401 17.39219 19.33226 16.97245 25.86732 6.35551 18.63496 8.042769 5.185245 5.74944 14.95699 12.13811 10.83017 10.85373 9.283055 10.92279 11.46609 10.32924
-9999 -9999 -9999 -9999 -9999 8.96381 35.68923 27.04938 6.918215 9.478786 9.25052 17.52631 13.57094 12.98837 14.48948 8.740775 8.629095 13.39351 6.88117 4.526867 11.15685 5.767945 22.07662 12.70299 0.354446 25.93637 13.1232 13.86957 16.31439 14.83921 13.1232 12.40316 20.44493 17.15184 18.72015 26.94288 22.76388 10.33594 6.6017 16.63107 8.88275 7.64808 8.178345 7.10069 7.18473 11.58892 6.7136 8.29852 21.71244 21.50203 14.60217 32.03593 7.968245 11.96963 11.93217 7.10069 9.41468 9.478786 17.97089 8.02964 15.25412 15.99802 18.30147 17.96652 23.30406
-9999 -9999 -9999 -9999 -9999 32.31445 33.17205 4.468908 5.61901 6.219675 22.11568 13.03287 12.89625 15.76737 20.24653 9.478786 7.613225 10.34566 7.88861 8.500085 4.569453 24.06339 18.03753 13.80212 21.84491 15.68478 13.57094 14.72025 12.96774 17.52631 13.32518 10.33833 13.78364 18.42005 19.53215 21.80733 20.54511 7.72036 9.64446 3.72857 9.64446 9.712005 8.112665 6.49419 7.9153 13.57094 7.40461 8.240195 24.26143 24.51706 15.63171 28.92585 11.15685 4.319303 6.35551 5.230455 4.698354 6.07413 23.94417 26.20543 17.97089 9.10716 14.51945 19.83646 23.9307
-9999 -9999 -9999 -9999 15.64579 34.64523 30.29419 10.34742 7.506855 -0.528834 19.07745 11.01125 18.30147 12.64479 7.88861 6.07413 7.711775 5.90767 8.500085 1.222513 20.11949 21.2246 23.16802 13.66197 14.72025 15.94256 14.15481 16.16764 16.97878 16.02786 14.0548 13.32518 13.86957 12.70299 22.07634 22.61715 23.30406 6.279475 5.900435 4.720479 8.353625 8.502069 13.60434 10.33594 6.77639 13.18084 6.6017 11.18705 13.66197 25.48426 14.96906 26.1898 3.553846 6.6017 6.219675 8.740775 5.9178 8.791175 19.20753 11.04391 17.72102 16.05595 15.79728 14.93527 26.75613
-9999 -9999 -9999 -9999 31.05105 34.68526 7.506855 7.80333 8.791175 25.72266 10.34247 7.80333 10.35131 9.1308 9.680085 4.319303 13.60434 2.438917 19.23037 22.54818 16.10399 24.58167 19.08195 13.57094 13.25126 5.044065 14.91127 8.924479 10.33833 7.72036 9.62504 12.58934 16.80223 15.79927 13.28104 15.32741 24.23494 5.781015 7.18473 7.788795 9.21226 10.33963 9.1308 10.97305 7.9153 9.726745 6.6017 6.35551 6.219675 5.68141 17.74114 26.44356 12.34422 5.90767 6.219675 13.04328 8.427785 9.447945 25.25734 23.89267 19.92476 12.38438 19.37119 25.69899 26.485
-9999 -9999 -9999 -9999 34.60238 34.79443 5.289675 5.45995 7.490595 24.23494 4.910402 7.711775 6.88117 19.74076 6.6871 10.33379 27.23077 23.02595 17.82507 23.29301 25.00165 6.94233 8.502069 8.502069 5.900435 9.00094 9.680085 10.341 11.93217 7.9153 6.49419 16.50831 17.15184 15.79927 12.30473 10.84169 26.90702 14.15481 7.788795 7.85369 7.788795 10.33833 6.279475 13.48472 6.77639 10.97305 7.613225 7.000505 8.178345 10.84169 6.77639 8.405766 5.74944 7.313175 7.711775 16.80223 7.613225 9.378691 18.98596 6.12127 7.370255 15.34081 20.68045 24.99529 24.95722
-9999 -9999 -9999 -9999 31.54938 15.0244 8.740775 11.93217 24.4704 10.35581 6.88117 4.319303 7.711775 16.97535 9.1308 9.662775 20.86783 21.39156 10.33278 10.83017 25.02398 9.186405 7.9153 12.34422 8.405766 8.240195 15.94256 10.34742 8.240195 9.1308 10.99162 16.97535 16.09352 16.02786 7.832445 9.790504 19.52337 17.95381 7.72036 5.654915 15.09736 6.818915 8.02964 8.042769 7.412235 11.03201 4.910402 5.74944 11.78407 13.47755 9.03605 9.822306 2.100045 3.299167 5.61901 11.98829 1.477308 5.289675 13.86005 27.23077 25.79377 20.28983 13.16298 20.87541 26.88991
-9999 -9999 -9999 -9999 -9999 9.582504 8.791175 9.534175 27.43942 4.698354 7.000505 7.391695 12.23571 7.34019 12.89625 16.0442 16.84016 21.71244 12.53926 11.24137 20.45217 11.01125 8.455175 9.696475 9.64446 11.07735 9.64446 10.3371 9.069304 8.546619 6.861365 16.97878 16.63107 21.59409 10.33093 10.32924 11.46609 10.84169 11.93217 6.7136 13.29785 5.380325 9.00094 8.240195 9.60443 8.112665 6.752855 10.35131 9.60443 16.09352 8.6294 8.83651 13.75818 8.427785 7.40461 8.686871 4.698354 7.000505 11.15685 24.99529 27.26988 27.39613 25.8283 24.97385 31.8228
-9999 -9999 -9999 -9999 -9999 5.521565 11.98829 10.36725 16.63107 6.614515 8.629095 5.10696 25.6355 9.712005 5.521565 18.56799 21.30426 13.22082 11.58594 11.22355 10.77003 18.26597 7.40461 8.502069 8.353625 11.03201 9.662775 7.18473 7.97388 7.412235 14.60217 15.94256 12.89625 23.18137 12.23571 11.41301 16.40947 10.87945 7.88861 9.582504 12.46558 7.40461 9.03605 8.178345 7.01199 6.03903 19.05429 7.490595 8.83841 8.566995 9.754095 10.32697 11.01125 9.582504 7.000505 9.507455 6.614515 8.566995 4.108285 13.46861 32.02544 26.79826 22.52237 28.23592 32.83352
-9999 -9999 -9999 -9999 5.61901 7.490595 9.534175 18.47272 19.05429 9.447945 6.88117 7.613225 28.92585 9.100844 9.00094 22.93003 10.32318 12.11639 12.15119 8.97341 10.76128 9.858931 21.01705 19.12792 9.03605 8.405766 7.490595 8.589021 8.546619 9.186405 18.87291 19.05429 17.37608 6.94233 9.712005 11.49456 11.49456 8.181914 5.380325 7.313175 8.740775 10.33833 5.521565 9.64446 9.662775 4.282134 14.83921 9.62504 8.240195 7.88861 8.6294 9.283055 11.41301 5.5676 1.591614 17.72931 -2.555829 27.14154 22.60159 23.30406 22.10615 18.83267 9.1308 10.32769 5.9178
