data/asc/ndvisd_90.asc
ncols         104
nrows         124
xllcorner     437168.406
yllcorner     5417446.5
cellsize      90
NODATA_value  -9999
[rows 58 to 86 of 124, columns 0 to 64 of 104]
-9999 -9999 -9999 -9999 8.924479 9.582504 7.2666 26.10275 13.40924 7.80333 7.80333 11.03201 9.00094 11.46609 8.455175 10.92279 16.71531 10.32434 10.78852 9.832029 10.81911 10.32924 17.42955 10.7791 12.34715 8.88275 9.712005 10.33379 5.767945 7.72036 16.16764 16.31439 13.57094 8.704684 8.353625 9.186405 12.04984 12.98837 5.781015 8.042769 8.791175 14.7468 7.10069 10.3371 18.3483 7.64808 7.10069 4.901516 9.55913 8.566995 9.23694 9.159285 7.09331 8.29852 11.74047 12.0484 5.45995 10.92279 9.712005 12.58934 10.92279 14.20808 9.740765 10.9387 10.34566
-9999 -9999 -9999 5.071165 7.40461 6.03903 25.98808 28.57629 9.260509 11.62376 6.88117 9.64446 9.740765 7.480845 9.100844 9.21226 7.412235 8.455175 10.32375 8.92186 9.382461 16.50831 22.39947 26.9992 21.3046 16.97535 16.6799 14.77592 8.805645 10.33278 15.94256 14.39804 15.09736 12.13811 9.740765 11.43894 10.33379 8.455175 16.02786 8.83841 8.791175 12.34422 6.818915 8.29852 9.60443 7.01199 8.83841 5.230455 10.34742 4.319303 13.25126 9.186405 21.26252 8.740775 7.490595 9.582504 10.35581 9.822306 18.621 10.8663 10.90765 12.64479 9.159285 10.33484 11.15685
-9999 -9999 -9999 8.29852 8.740775 3.038971 21.61539 28.0155 7.66837 9.21226 8.589021 14.68523 4.901516 4.282134 8.83841 25.59246 19.72654 11.55586 14.50813 13.40924 10.33093 8.02964 8.02964 8.546619 10.90765 7.54626 8.08278 10.33278 9.186405 16.50831 14.5001 12.76414 15.66306 8.704684 9.801575 21.72562 9.23694 22.91651 23.68526 14.70051 8.686871 8.740775 23.54789 7.480845 9.23694 13.70173 7.80333 6.48258 7.215775 3.784813 24.14595 8.73983 21.99417 6.614515 8.83841 11.83037 7.490595 9.81216 20.44493 11.46609 9.21226 15.76737 10.33379 9.740765 10.35131
-9999 -9999 -9999 2.306151 7.88861 19.53512 33.98542 7.480845 7.66837 10.33183 8.546619 8.042769 6.88117 10.34566 9.712005 8.589021 7.9153 9.740765 9.1308 14.16972 9.100844 10.33484 9.069304 9.03605 9.03605 10.95543 8.272535 11.34183 8.704684 7.9153 16.17758 20.15677 21.04524 7.34019 7.26445 7.9153 9.100844 8.455175 7.10069 18.56119 6.35551 9.534175 14.47476 8.546619 5.385675 11.43894 7.88861 7.111775 5.289675 8.686871 27.62687 8.546619 13.39351 7.711775 7.72036 16.09352 9.680085 9.159285 10.84169 11.96963 10.89322 13.54893 9.21226 10.33278 13.60434
-9999 -9999 8.97341 8.455175 5.90767 19.51888 28.63161 8.589021 6.58706 8.77345 8.08278 13.04328 6.07413 5.10696 10.90765 9.740765 7.97388 6.22357 8.589021 12.87371 9.186405 9.740765 9.1308 7.97388 7.88861 7.313175 12.46558 14.96472 16.98289 12.0929 8.08278 8.6294 9.726745 9.740765 9.712005 9.712005 7.9153 9.100844 8.589021 13.32518 9.507455 7.88861 11.12862 8.6294 8.08278 18.4833 4.901516 5.380325 7.88861 9.478786 23.80631 8.73983 21.19742 6.7136 10.34742 15.23775 9.534175 8.405766 17.59614 8.181914 10.33093 15.07199 8.133485 9.069304 10.34742
-9999 -9999 11.36453 7.412235 6.7136 20.14749 24.99529 9.325315 9.790504 7.97388 9.754095 2.615844 8.629095 7.613225 10.89322 9.100844 9.712005 15.89458 10.33594 6.03903 8.546619 8.405766 9.726745 5.5676 8.791175 13.39351 15.14321 15.26814 11.66051 11.55586 8.805645 10.33278 7.26445 12.23571 10.33379 14.15481 9.662775 12.53179 8.791175 13.9681 8.791175 7.968245 10.34931 10.33484 9.726745 8.08278 5.9178 4.446475 8.740775 7.111775 24.53045 9.21226 24.64581 6.219675 7.788795 7.88861 8.740775 9.00094 10.87945 9.778931 8.08278 9.21226 6.320965 8.228215 7.968245
-9999 -9999 7.038185 10.99162 7.64808 14.86185 11.86217 9.283055 11.41301 8.589021 10.33833 3.855883 6.07413 7.80333 7.480845 14.96472 16.78763 5.44599 9.726745 23.48355 7.85369 8.455175 13.48472 6.614515 10.33963 22.60159 12.76414 14.5001 22.01562 19.52724 8.740775 8.686871 6.818915 10.34742 8.629095 7.80333 7.88861 9.507455 7.88861 7.111775 11.12862 7.88861 10.34931 9.726745 10.33278 9.069304 4.000472 12.53644 8.112665 10.33833 20.30112 7.09331 12.34715 1.381655 6.7136 7.000505 7.88861 11.18705 8.73983 9.21226 8.667915 8.133485 7.412235 7.97388 9.36417
-9999 -9999 -9999 8.805645 9.62504 20.35826 12.87371 10.84169 8.704684 10.33007 12.0484 7.506855 6.614515 19.23501 8.546619 17.17387 16.36249 9.159285 9.712005 17.59614 5.44599 7.34019 23.33887 7.788795 7.40461 14.20808 14.60737 12.40316 27.3865 7.313175 13.1232 8.791175 8.178345 8.566995 7.711775 8.740775 4.319303 6.07413 17.7727 15.03772 11.78407 11.21945 7.80333 14.5001 10.33278 8.805645 16.63107 9.582504 13.70173 6.389785 14.30081 6.58706 22.90227 7.40461 8.042769 13.75818 5.10696 7.111775 11.93221 12.53644 11.43894 10.87945 8.133485 9.159285 9.850315
-9999 -9999 -9999 6.12127 8.88275 17.08372 9.81216 9.260509 8.667915 12.53179 3.314511 6.752855 10.35581 19.23501 7.85369 19.53856 17.13357 9.1308 8.589021 14.20808 8.77345 6.58706 8.740775 7.313175 3.72857 13.25126 12.18566 15.09736 15.68478 6.88117 15.83962 26.22311 21.26252 22.28626 15.93194 21.58626 8.02964 12.87371 6.320965 7.231275 13.78364 6.219675 6.219675 17.961 9.23694 9.159285 17.95381 7.313175 4.901516 19.34043 22.90227 14.16972 14.92562 8.353625 7.40461 6.6017 7.80333 3.305882 10.87945 10.8663 9.766806 8.181914 8.502069 8.133485 11.34183
-9999 -9999 -9999 16.80223 17.42955 24.07722 16.36586 7.725445 8.6294 8.83841 8.500085 6.07413 2.750857 18.12753 12.82847 17.20095 8.589021 9.778931 9.23694 10.32845 8.455175 5.149605 6.614515 9.60443 16.25275 13.48472 13.75818 20.44493 15.52627 7.9153 7.788795 11.38824 7.66837 6.089705 7.608705 8.667915 9.778931 8.181914 9.283055 9.260509 15.14321 8.629095 6.48258 23.71527 8.502069 9.778931 13.1137 7.313175 8.88275 7.968245 27.32993 25.91595 26.00855 11.66051 10.97305 8.686871 7.88861 5.9178 10.33093 13.70173 8.6294 8.6294 15.07199 8.704684 11.49456
-9999 -9999 -9999 -9999 6.6017 16.69892 9.21226 9.790504 9.778931 20.58671 8.629095 6.614515 1.591614 14.87045 14.61431 18.41295 8.6294 7.163815 11.46609 9.766806 8.08278 20.03096 6.88117 6.07413 19.28828 14.5001 13.40291 23.55196 10.8663 10.33007 10.33007 10.8663 22.07662 6.668005 7.01956 9.260509 13.62357 9.21226 8.589021 13.54893 17.7707 7.88861 9.478786 10.34931 8.6294 8.08278 12.04984 8.88275 9.62504 9.62504 6.219675 26.17356 28.29035 7.968245 7.968245 11.87963 20.07181 6.614515 8.427785 11.43894 10.89322 9.23694 14.33185 9.23694 8.805645
-9999 -9999 -9999 -9999 7.111775 12.30473 15.5295 8.133485 10.92279 17.81836 4.096248 5.74944 5.74944 5.654915 18.26626 20.33561 9.801575 9.790504 10.89322 8.6294 12.00881 20.51092 8.566995 9.507455 17.27039 10.97305 12.53179 12.87371 13.40924 12.43763 13.40924 15.31143 16.28267 23.9307 8.133485 9.283055 10.32627 9.832029 15.76737 8.704684 19.08195 7.88861 7.88861 2.809655 9.069304 7.97388 16.57037 8.791175 8.178345 10.34566 10.34247 5.289675 22.75349 19.99548 8.740775 8.88275 16.0036 8.566995 9.378691 10.33093 8.133485 10.87945 12.58934 8.589021 9.1308
-9999 -9999 -9999 -9999 13.75818 17.11817 8.6294 9.260509 8.08278 9.25052 8.566995 9.378691 21.0842 10.33278 17.94403 20.72392 9.778931 9.766806 20.80369 9.159285 6.22357 6.752855 7.968245 11.10217 14.72025 13.48472 15.68478 11.38824 9.822306 9.832029 9.325315 9.260509 8.704684 12.53644 18.04118 19.85275 9.283055 10.83017 10.80851 8.29852 8.228215 7.711775 10.35131 6.48258 9.712005 9.30463 9.822306 5.767945 9.64446 10.34566 11.83037 6.88117 25.50479 22.03033 9.582504 8.791175 15.54469 7.711775 12.25734 13.78364 6.50241 10.33093 14.20808 7.97388 7.26445
-9999 -9999 -9999 -9999 8.88275 10.33093 8.6294 9.778931 8.6294 2.750857 10.36105 7.613225 13.78364 16.46868 16.09352 9.740765 8.6294 9.159285 9.778931 8.589021 7.97388 5.9178 6.35551 5.289675 12.82847 12.76414 24.32656 9.23694 10.32845 9.21226 8.667915 9.21226 15.94256 7.412235 8.228215 25.60576 23.49915 27.74607 24.14595 6.6017 8.88275 8.042769 8.686871 12.0484 7.64808 7.412235 7.608705 2.615844 9.64446 10.33963 11.69935 12.40316 18.20046 17.70465 11.12862 7.613225 8.686871 5.9178 5.289675 21.33894 9.186405 10.33183 13.78364 10.33183 9.740765
-9999 -9999 -9999 30.89601 22.49174 6.6871 9.754095 8.667915 15.09736 8.566995 9.41468 11.33243 4.191771 18.78563 18.78563 10.33183 9.778931 7.608705 9.778931 12.13811 18.67357 5.10696 9.507455 23.80631 11.58892 10.97305 18.03753 7.608705 20.79781 17.42955 5.767945 3.92408 1.230631 13.04328 4.894851 6.918215 18.36642 19.34779 22.45566 7.313175 5.767945 9.60443 10.34931 6.752855 15.79927 7.9153 8.73983 16.50831 10.3371 8.405766 7.215775 22.31755 12.26402 14.96906 7.613225 11.21945 15.19793 7.711775 5.9178 15.0244 10.33183 9.740765 8.02964 11.55586 9.03605
-9999 -9999 -9999 10.32375 5.521565 10.34566 20.08607 19.52337 6.35551 7.000505 9.507455 14.33543 5.56663 16.97878 18.83215 8.228215 11.38824 21.71244 10.32769 6.413815 11.93217 8.740775 9.534175 12.34422 15.0244 10.33833 17.39219 7.215775 6.219675 5.767945 10.84169 10.81911 10.32375 9.86721 10.32318 9.21226 11.24137 8.6294 21.01705 12.18566 10.99162 17.3341 8.740775 7.111775 15.17956 9.754095 9.858931 12.81997 9.1308 6.918215 18.52468 4.901516 22.53664 16.40947 4.319303 6.07413 10.35347 8.427785 7.506855 6.818915 10.33278 10.33379 13.78364 12.18566 10.9387
-9999 -9999 -9999 -9999 -9999 -9999 -9999 -9999 -9999 -9999 -9999 -9999 -9999 12.18566 15.93194 10.84169 8.73983 16.83282 11.43894 8.704684 11.74047 10.34742 18.26626 7.215775 9.64446 11.01125 9.44892 9.40004 9.23694 8.53644 7.88268 9.260509 10.83017 10.9387 13.86957 6.918215 7.571615 6.48258 18.12753 18.67357 8.042769 13.04328 9.582504 7.111775 21.83017 9.069304 8.314985 13.10737 11.15685 7.313175 7.64808 8.178345 15.97517 18.11338 7.80333 7.215775 9.507455 4.468908 5.9178 11.78407 9.159285 10.33278 10.89322 9.754095 9.754095
-9999 -9999 -9999 -9999 -9999 -9999 -9999 -9999 -9999 -9999 -9999 -9999 9.778931 18.56119 17.22432 7.66837 9.1308 11.96963 8.704684 15.76737 6.219675 7.111775 19.52954 6.03903 6.389785 18.56119 11.10217 8.924479 9.507455 10.34931 10.34931 8.740775 8.740775 7.88861 8.042769 7.88861 7.000505 6.48258 8.178345 9.069304 13.86957 18.66965 10.34931 7.968245 5.45995 7.18473 8.228215 11.62376 9.55913 8.353625 8.042769 12.40316 16.4469 22.61303 6.752855 9.41468 9.507455 12.84265 8.566995 5.9178 8.6294 9.712005 9.790504 6.12127 9.03605
-9999 -9999 -9999 -9999 -9999 -9999 -9999 -9999 -9999 -9999 -9999 -9999 -9999 19.27318 10.81911 10.8663 22.33324 5.654915 9.1308 13.03287 8.791175 6.07413 23.90976 7.64808 15.94256 13.35728 8.686871 9.478786 7.000505 10.35347 7.613225 7.000505 6.48258 6.219675 6.752855 7.711775 3.305882 8.427785 21.20973 8.26414 19.71385 16.09352 9.582504 11.18705 7.613225 8.353625 9.23694 9.30463 11.10217 7.111775 12.60218 8.924479 12.18566 17.8882 7.80333 7.711775 8.686871 8.740775 7.000505 5.45995 9.754095 10.33379 10.9387 15.17956 7.9153
-9999 -9999 -9999 -9999 -9999 -9999 -9999 -9999 -9999 -9999 -9999 -9999 -9999 13.1137 13.73083 21.47083 15.5295 7.54626 8.133485 16.80223 7.64808 6.07413 11.66051 20.54511 20.9957 20.04817 8.629095 8.042769 6.48258 0.881925 3.651828 24.95722 25.84719 18.26597 19.33226 18.96963 7.97388 8.502069 12.18566 11.49456 9.069304 3.784813 11.83037 10.34401 7.215775 15.93194 9.23694 9.283055 8.042769 7.968245 7.72036 6.6017 11.89643 15.07199 7.88861 7.613225 9.507455 17.81836 7.111775 6.35551 13.78364 8.589021 7.97388 16.36586 8.589021
-9999 -9999 -9999 -9999 -9999 -9999 -9999 -9999 -9999 -9999 -9999 -9999 -9999 10.80851 13.04961 10.9387 5.319035 10.32924 7.01956 8.353625 10.34247 4.569453 8.042769 8.042769 7.968245 3.553846 21.27435 17.10501 12.98837 7.10069 8.353625 12.18566 10.9387 9.1308 10.95543 10.33278 10.95543 10.95543 12.23571 10.33379 12.9298 7.780085 9.850315 9.766806 8.96381 10.87945 9.801575 9.325315 6.35551 7.000505 10.34931 8.83841 10.34247 13.10737 16.57037 5.45995 4.569453 13.20791 7.313175 9.582504 19.52337 9.159285 9.766806 12.04984 9.778931
-9999 -9999 -9999 -9999 -9999 -9999 -9999 -9999 -9999 -9999 -9999 -9999 -9999 -9999 8.96381 9.00094 9.03605 10.9387 8.589021 16.78763 7.111775 25.65219 8.83841 8.112665 16.36586 7.111775 10.97305 23.44291 12.53644 10.3371 10.99162 9.069304 9.740765 9.778931 9.790504 12.76414 4.569453 8.566995 15.824 11.82934 6.50241 20.92893 22.9658 31.19384 28.53936 14.03493 9.822306 8.866115 11.74047 11.10217 7.313175 9.55913 15.09736 15.31143 11.49456 6.389785 8.924479 14.80343 8.112665 6.918215 16.97245 7.9153 9.159285 13.62357 8.73983
-9999 -9999 -9999 -9999 -9999 -9999 -9999 -9999 -9999 -9999 -9999 -9999 -9999 -9999 -9999 18.22855 6.918215 11.01125 9.069304 11.52445 9.100844 13.87644 19.32317 9.534175 20.02892 7.968245 12.13811 25.77797 20.59867 21.01705 10.33594 7.64808 21.04524 21.19742 13.28104 8.77345 10.83017 8.667915 16.40947 22.53664 15.05592 11.20638 12.11639 10.7791 29.92257 24.72845 21.36746 19.72654 18.53949 12.96774 12.75712 25.74885 26.00855 25.93268 25.25311 9.534175 9.696475 15.94256 9.754095 9.60443 18.53949 9.1308 8.6294 14.87045 10.85373
-9999 -9999 -9999 -9999 -9999 -9999 -9999 -9999 -9999 -9999 -9999 -9999 -9999 -9999 -9999 7.412235 12.39142 15.39968 10.34247 10.33833 12.40316 8.502069 7.72036 9.159285 14.26028 6.818915 10.34247 24.33307 23.51005 27.54165 18.99547 9.841355 18.99547 14.67306 14.33185 11.36453 12.5765 18.58975 19.19453 11.20638 9.850315 9.382461 10.32434 11.22355 8.92186 9.382461 18.17873 17.82507 16.21397 27.79055 24.7553 24.99529 28.01821 27.44995 27.56096 28.66378 10.341 17.52631 8.29852 13.9681 16.16764 12.18733 7.9153 14.70051 10.33007
-9999 -9999 -9999 -9999 -9999 -9999 -9999 -9999 -9999 -9999 -9999 -9999 -9999 -9999 -9999 9.712005 8.6294 9.766806 9.159285 18.1461 15.53836 7.571615 9.00094 9.100844 8.502069 6.818915 16.4469 17.36011 15.31143 20.62711 25.51239 8.272535 14.41811 16.21397 15.52359 10.74474 30.76693 7.711775 6.35551 7.788795 10.32627 10.79832 10.79832 10.32496 9.464045 9.88286 8.97341 10.3256 10.32697 24.45586 16.2298 26.00855 9.339615 15.23775 22.93003 25.71053 24.80118 21.2246 6.7136 16.80223 22.19172 11.43894 13.04328 11.52445 17.95381
-9999 -9999 -9999 -9999 -9999 -9999 -9999 -9999 -9999 -9999 -9999 -9999 -9999 -9999 11.10217 10.92279 8.08278 7.34019 9.159285 8.02964 8.546619 12.13811 9.680085 7.40461 10.99162 13.63336 18.91651 8.24813 24.12005 22.01562 7.231275 17.96652 11.20638 11.12923 9.90429 10.32263 18.42464 6.48258 6.48258 7.88861 3.784813 5.289675 7.9153 10.8663 11.24137 10.3256 8.92186 10.32627 10.78852 26.29612 15.83962 14.48948 11.98829 8.740775 23.36006 22.81821 26.59307 22.6852 22.93801 24.51706 22.99969 14.44662 22.87963 15.42491 16.59514
-9999 -9999 -9999 -9999 -9999 -9999 -9999 -9999 -9999 -9999 -9999 -9999 -9999 -9999 10.35347 4.910402 5.9178 10.3371 6.413815 7.412235 8.6294 9.21226 9.1308 13.30277 7.649575 9.961945 8.658435 11.19079 24.11264 15.959 20.02892 9.464045 10.32209 10.76128 10.7369 22.90227 11.55586 13.86957 20.43797 11.33243 8.686871 4.526867 8.349405 7.80333 9.447945 9.662775 8.6294 10.81911 19.96436 11.25427 10.35833 8.629095 13.72089 8.178345 14.33543 19.19453 23.36006 28.09261 26.79826 23.60164 21.23924 27.16521 18.96963 28.52973 16.0997
-9999 -9999 -9999 -9999 -9999 -9999 -9999 -9999 -9999 -9999 -9999 -9999 -9999 7.215775 6.88117 9.41468 6.88117 3.314511 16.17758 16.63107 8.133485 7.54626 17.7707 12.34894 9.53221 5.25115 14.59489 24.98142 8.355695 14.35638 11.24137 12.58163 11.68388 9.10716 22.33324 8.178345 9.64446 11.66051 12.34422 14.61431 15.39968 20.11934 12.25734 8.629095 7.711775 5.289675 4.910402 9.339615 8.349405 7.613225 6.752855 12.18237 7.111775 9.03605 20.56151 9.260509 19.51888 21.33894 23.12708 18.47272 23.51005 19.83646 22.53664 19.16459 18.99547
-9999 -9999 -9999 -9999 -9999 -9999 -9999 -9999 -9999 -9999 -9999 -9999 21.94028 18.30147 16.59899 7.506855 6.30264 7.2666 7.391695 3.855883 11.25427 7.34019 20.9957 15.52359 9.216285 16.57037 5.93117 12.70299 15.85588 13.22082 9.04385 10.32375 10.32159 9.897395 18.67357 16.25275 12.34422 11.78407 10.341 11.74047 13.29785 14.0829 11.83037 16.63107 21.26252 6.07413 9.478786 22.03033 10.35581 7.711775 8.629095 6.88117 11.10217 27.48196 8.6294 9.23694 9.23694 24.53536 24.45586 28.92585 10.83017 20.40149 28.09261 19.5252 20.65795
