data/asc/planc_90.asc
ncols         104
nrows         124
xllcorner     437168.40625
yllcorner     5417446.5
cellsize      90
NODATA_value  -9999
[rows 56 to 83 of 124, columns 0 to 63 of 104]
-9999 -9999 -9999 -9999 -9999 -2.869258 -3.222578 -2.812535 -3.611437 -2.709111 -2.779188 -2.814683 -2.055491 -1.848921 21.3482 -2.561982 -5.982876 -1.090422 -2.414812 5.677398 6.014079 -3.037123 -4.931642 -3.545311 -1.718583 -2.42319 -2.598348 -2.453225 -4.091176 -7.479721 -5.80219 -1.764244 -0.147529 1.334301 9.97782 5.575702 4.09907 1.951791 0.163761 -0.633892 -4.932159 -12.62584 -7.606894 1.478988 3.706931 0.738699 2.303341 -6.951226 0.014299 7.640471 1.046839 0.72151 -1.914523 -3.680759 -2.870234 -1.609444 -4.293673 0.41011 8.507201 6.034697 3.109359 0.84149 1.427851 -6.068304
-9999 -9999 -9999 -9999 -50 2.402857 1.238302 0.15309 -2.583715 -1.870538 -0.7346 -1.426022 -0.125978 -0.9593 4.762195 -1.557609 -7.679299 -4.790746 -1.85396 -0.745103 10.1011 6.483696 -3.113299 -4.761401 -4.072052 -4.057697 -5.045496 -3.433843 -4.652411 -7.803781 -0.069345 1.300138 1.450512 4.423816 9.623246 2.013365 1.123732 3.991904 4.761592 1.621295 -0.890037 -6.945673 -14.287 1.280423 2.660514 0.093081 1.953151 -11.84598 -1.329286 9.083786 -8.571318 -21.05645 -17.1677 0 0 3.196206 6.800587 7.295386 2.067221 1.901562 -1.445902 1.297794 -0.394631 -4.380519
-9999 -9999 -9999 -9999 -2.911668 3.221854 3.172449 1.138743 -1.660858 -1.072896 -0.871467 0.467402 1.657954 8.99153 5.681545 1.812922 -3.582639 -10.73673 -2.963742 -1.375032 0.078547 7.800933 7.092413 -1.150702 -4.556623 -5.881176 -6.208663 -5.282411 -8.264272 -6.933837 -1.570221 -0.124268 3.058137 3.203032 4.585307 2.42822 -0.862853 0.318947 2.031811 6.039888 5.419775 -4.069534 0 -5.845076 1.332969 -8.317079 -17.5199 -20.80129 -15.50707 4.467612 4.719474 0.019824 -2.747097 -1.453663 -20.14753 -2.977332 4.535434 0.293546 0.310498 2.359145 -1.358693 0.906194 0.004017 -2.890775
-9999 -9999 -9999 -7.82157 -2.910732 1.109814 2.390638 2.210142 0.899094 -0.323925 1.042326 1.285033 4.715503 -2.382087 2.041252 6.911879 0.32532 -5.609371 -8.214136 -1.760797 -2.530542 1.709166 4.594569 7.226161 6.090521 -1.083331 -7.532151 -10.9376 -16.54376 -3.239459 -0.949666 1.926561 3.378771 2.786491 1.351305 3.204255 -0.006084 0.652812 -1.67024 -1.058411 7.821494 5.411758 0 -10.96074 -7.732297 -15.82999 -1.877111 0.289064 0.002297 3.606878 8.537723 1.112531 -2.899964 -0.70879 -1.397707 -21.08479 -1.475523 -3.592457 2.593764 0.860145 -3.393851 -2.744071 -2.594782 -5.662479
-9999 -9999 -9999 -0.935214 -1.968187 -1.008879 0.657935 2.213692 1.642377 1.467127 3.507165 9.042496 -0.793934 -3.59348 0.264954 4.098031 7.0306 2.821155 -5.204864 -7.600533 -2.938313 -0.097724 1.432348 1.165539 4.481778 5.726402 2.846257 1.092312 0 -2.009542 0.85024 2.951838 3.550862 2.017949 0.720276 1.793899 1.394252 -2.087969 -8.071003 -14.407 -3.027942 0 -1.208677 -3.629518 3.92405 -3.701985 -6.848153 -4.532926 -1.535568 -0.460688 12.82193 0.472235 -2.330327 0.780294 2.688644 1.718947 -9.402844 0 1.597667 -1.813947 -4.178266 -5.713675 -4.706165 -7.806672
-9999 -9999 -9999 -1.602428 -2.991774 -3.162486 -0.577927 0.80674 1.574964 1.310995 39.08801 -1.480757 -1.032024 -4.807499 -1.971146 0.938528 1.418832 6.088475 1.402677 -3.14754 -6.028195 -1.412632 0.88052 -1.637688 -0.456954 5.74374 -2.196581 -43.04964 0.261936 0 -3.441915 0.620815 -0.440914 -0.739828 -3.081783 -3.904783 0 -13.3344 -11.41602 -8.2365 -29.97945 -0.433243 3.499209 1.145306 3.93863 0.43294 -4.479508 -2.491428 -1.762515 -1.251534 8.240005 0.13302 -3.06827 2.891977 -0.169112 -3.971691 -3.237899 3.181839 -1.340043 0 -7.505931 -6.766997 -5.625353 -4.793306
-9999 -9999 -23.68495 -1.439223 1.088781 1.16361 -0.095162 -0.467448 0.432535 9.639832 1.342669 -0.646689 -0.477063 -2.052511 -3.299192 -0.817436 -0.791754 2.814733 4.41609 -0.181733 -3.201835 -1.114682 0.115568 0.281205 -6.461048 0 1.114882 -0.844007 4.328106 -7.933925 -19.03042 -23.31031 -28.21846 -25.8474 -13.72723 -0.611324 4.319416 3.933816 0.336508 0.189997 -10.98712 -9.282107 0.773771 3.704963 4.948643 4.235178 -5.842429 -3.272043 -1.815945 1.400172 6.704487 2.433247 -1.642189 3.287691 -2.599445 -1.751552 1.250871 4.124516 -0.101728 0 -4.077837 -4.366101 -1.69838 0.344707
-9999 -9999 1.649058 0.93363 0.735286 1.157652 1.377279 1.381865 3.024856 18.90291 0.205755 -0.967725 0.369037 -0.487373 -2.438688 -1.953512 -3.627098 0.600048 4.27947 2.375717 -6.052967 -3.942958 -3.55793 -4.722849 -18.34067 4.600593 11.03119 1.61496 3.026153 -3.608986 -2.295023 -2.284973 -2.05963 -2.510715 -3.762329 -1.31848 0.309136 8.697335 0.69533 1.128873 -5.613187 -10.54063 -4.297883 0.469528 4.913307 10.49223 -2.927602 -4.349222 -4.572122 -4.65592 3.603398 5.218377 2.446105 1.704036 -4.172054 1.092035 3.432901 1.333542 0.319202 -6.936675 -8.112874 -2.847677 -2.225262 0.545995
-9999 -9999 -22.7035 -3.388188 -2.631756 -2.172057 -0.911728 0.556877 8.146434 1.373409 -1.350302 -1.931157 0.432995 0.612061 -0.647936 -1.373734 -3.900692 -1.084802 2.989487 4.392925 3.180136 0.011779 -4.987491 -20.65049 -10.14692 -1.580619 2.896066 9.757441 3.485448 -0.18775 -1.583505 -1.504993 -0.915011 -0.878761 -1.634741 -1.950473 -2.300503 13.12615 1.019438 -0.582331 -2.285733 -11.02983 -5.175033 0.281568 2.11738 9.645625 7.74393 -5.17613 -3.423761 -1.388102 0.556056 8.919593 1.573393 -4.299295 -4.432306 3.1993 2.501047 -0.548289 -2.437877 -8.172948 -10.61091 -0.304612 -2.345476 -2.532547
-9999 -9999 -9999 -6.777562 0.281994 0.675569 1.65198 3.753166 22.68177 0.077311 0.086686 -0.913598 -1.686403 0.039713 0.32834 0.35496 -3.657832 -1.446704 0.475287 2.543704 3.250538 -4.120371 -10.68223 0 -4.725036 -3.435017 -2.827726 3.795221 11.31868 1.426328 -2.874902 -1.787846 -0.241401 -1.098046 -1.289708 -1.59479 -5.941117 15.10441 -1.54367 -1.306989 0.346088 -8.414475 -11.34554 -3.106788 -2.440705 -0.287979 9.193849 2.769105 -6.278447 -0.48126 4.85511 6.329733 -3.254387 -7.009686 2.683311 3.908792 0.788121 -1.469349 -3.090859 -6.27191 -16.37956 -0.847844 0.399064 1.344487
-9999 -9999 -9999 -30.08064 2.757038 5.124122 4.371755 2.778981 13.94926 -1.6191 -0.595741 0.175168 -0.348439 -1.02554 -0.54103 -0.58167 -3.027936 -1.239872 -1.643452 -16.41371 1.993252 -9.344107 -12.36487 -12.43967 -3.149738 0.044674 -1.844368 -2.235374 5.646433 7.800402 -1.897318 -1.622019 -0.797689 -0.880201 -1.095564 -1.204994 -4.884251 11.90277 -1.758797 0.662351 1.719148 -3.759467 -12.50988 -3.12452 0.593962 0.55336 2.797918 12.043 1.910256 -5.602804 9.149335 2.475894 -3.731282 -2.363532 6.849578 1.798485 -1.406363 -3.141728 -1.890422 -5.244934 -10.85582 -6.247964 -3.647894 -2.381772
-9999 -9999 -9999 20.46781 6.04041 4.715396 0.524689 0.601384 14.11296 -0.448715 -3.453819 -2.430053 -0.494679 -1.150373 -0.304962 -1.58366 -2.188541 -3.943758 -20.79863 3.240905 6.180185 2.752049 -1.160712 -7.41945 -9.265215 0.747238 2.838264 1.532557 2.105234 13.56844 2.347195 -1.453098 -1.011657 -1.164952 -1.448343 -1.356071 -4.420089 9.768869 1.84876 2.733795 1.330844 -3.220197 -9.971526 -7.443874 0.856239 0.921018 0.067874 1.576416 10.26331 2.801429 9.808641 0.304256 -3.199379 4.566068 1.349743 -4.337543 -1.930871 -2.775733 -1.594656 -2.152626 -10.7557 -2.080265 -4.647572 -5.419939
-9999 -9999 -9999 -9999 0.540661 1.083187 -6.765484 0.057061 12.71645 0.741813 0.239997 -2.117075 -2.198965 -1.226054 -1.082581 -2.994165 -6.305473 -28.49738 -1.60368 3.009466 7.484626 6.07738 0.111275 -4.022157 -13.08798 -9.214895 0.557322 2.662084 3.314519 3.913878 21.30867 0.549403 -0.667281 -0.868543 -1.724737 -1.706562 -6.600829 13.04038 3.33216 0.769683 -3.125335 -1.751447 -5.727564 -17.91567 -4.178935 -0.898286 0.808143 1.865438 2.23701 4.928609 18.06477 0.983163 4.16632 1.801512 -2.048032 0.143266 0.533139 -2.918791 -1.587137 0.047274 -13.07973 -0.6441 -0.142331 -1.630459
-9999 -9999 -9999 -9999 -2.005485 -1.694113 -9.021288 2.641899 6.519219 0.641398 1.879621 1.747607 0.472525 -1.372415 -3.027022 -4.873708 0 -5.587126 -2.925826 -1.790341 1.600104 10.73876 2.105937 -0.547138 -3.591299 -13.11289 -4.610128 -1.679215 -2.016971 0.153332 4.160282 24.58228 4.501446 0.733356 -1.833439 -1.986745 -8.068476 19.91301 -1.744337 -4.915212 -3.615583 0.861626 -1.397982 -14.83644 -4.475155 -2.111438 -1.608597 -1.643577 -2.495979 -1.196107 0.326142 5.792067 1.510199 -0.328715 0.730359 1.491285 -0.327281 -2.806517 0.074371 0.224656 -11.02526 -5.372261 2.687761 3.785568
-9999 -9999 -9999 -9999 -2.560571 -3.165957 -3.261436 6.505616 4.689574 0.145886 -0.327518 0.548017 0.857735 1.416271 0.028299 -13.19495 -2.854017 -4.148909 -3.443149 -1.920087 -1.066619 4.016178 9.324995 -0.61277 -1.24876 -1.860914 -27.36102 -0.910861 0.784727 1.610732 0.434871 1.28379 14.09149 10.20584 0.494213 -2.999513 -8.143923 16.10193 -3.174245 0.792675 0.471102 1.415889 -5.440559 -6.209255 -16.81638 -5.03949 -2.105688 -2.600722 -2.411764 -2.639735 -1.288307 45.43123 -1.23971 -0.958521 -0.556576 -1.937281 -1.630544 -1.96035 1.272503 0.593018 -9.169641 -8.917037 0.027346 1.172066
-9999 -9999 -9999 -9999 -5.424748 -4.061436 -1.787021 6.594979 4.580357 0.210759 -1.021196 0.183624 0.056083 3.4537 -12.42758 -4.584841 -1.863281 -1.988413 -1.913002 -1.810116 -1.740862 0.890966 17.5437 -0.00578 -0.735871 1.951028 -6.391628 -17.37746 1.485925 0.987614 0.457161 0.791037 1.343109 2.183801 24.20558 -0.996801 -1.267432 7.172231 0.632641 1.937265 0.036372 -3.056051 -3.175508 -1.869141 -10.19433 -7.805657 -3.364648 -3.591989 -2.965163 -1.902039 -1.227031 26.46983 0.161763 0.897784 0.22838 -0.630599 -1.958534 0.329235 1.216782 -2.268939 -8.04284 -11.85575 -4.46827 -3.093653
-9999 -9999 -9999 -8.849513 -5.133162 -1.963042 -1.663837 6.375227 3.898477 1.076852 -0.864048 -2.977405 -1.018161 -9.701661 7.493917 2.080315 -0.45793 -2.231739 -2.53475 -1.13473 -1.435176 -0.436833 13.60392 0.786369 0.343202 1.412485 -0.716652 -15.19093 -16.8641 -3.785788 -4.074796 -1.295573 -2.559366 -0.532454 0.812699 19.86461 10.65764 3.843845 -0.985963 -2.729221 -4.076995 -1.344295 -0.141057 -0.318127 -5.175461 -12.77795 -3.791511 -0.158345 -0.723742 -1.178601 0.003881 10.27285 1.586877 0.160823 -2.162451 -1.487861 0.060526 -0.808442 -3.404519 -6.00882 -4.488445 -9.724197 -4.212268 0.246701
-9999 -9999 -9999 -13.52912 -11.17006 -9.977162 -12.50898 0 -11.08707 -3.718441 -3.020966 -4.898716 -10.30329 -14.10924 -0.201254 1.368541 1.935733 -3.752563 -2.261376 -1.830254 -2.719714 -1.505109 5.247181 5.778471 1.270038 1.376009 -2.697752 -4.760368 -9.562188 -17.09051 -6.090876 -3.687212 -0.463857 -1.209213 -1.481432 -0.632174 3.432205 2.359617 0.208422 -0.427428 0.971948 0.617794 0.780283 -2.838772 -4.125427 -9.201925 -5.949076 -3.599133 -2.25305 -1.718195 -1.208118 3.40713 1.196367 0.461882 0.614375 0.277309 0.254133 -1.784304 -3.490866 -1.548 -3.241119 -5.302081 -6.75044 -3.806335
-9999 -9999 -9999 -9999 -9999 -9999 -9999 -9999 -9999 -9999 -9999 -9999 -9999 2.499474 2.827013 3.061337 5.815692 -2.625765 -0.285478 -0.843602 -3.044276 -3.673022 0.074876 13.19758 -3.708165 -2.6306 -4.549024 -1.948013 -2.239979 -9.031281 -10.56666 -5.89623 -5.016095 -3.207751 -1.685753 -0.685588 0.429375 14.17494 1.239106 3.778197 -0.564823 -1.982247 -4.061383 -3.885727 -1.870825 -4.031149 -7.273498 -3.528394 -1.629107 -0.581924 -0.653866 4.163889 0.474589 -0.735264 -0.427527 -1.54692 -2.944341 -2.112142 -2.421247 -0.52492 -4.985022 -3.755284 -5.408825 -2.038585
-9999 -9999 -9999 -9999 -9999 -9999 -9999 -9999 -9999 -9999 -9999 -9999 0 1.628737 2.28269 2.729687 4.001803 2.317163 0.651827 -1.824354 -3.672981 -4.617357 -1.621785 24.31311 -5.15625 0.920964 -2.611612 0.273704 -1.557482 -5.860238 -8.810115 -5.999595 -7.049138 -6.314313 -4.017221 -3.177161 -2.41906 -3.298757 28.70994 -1.252116 -4.061406 -1.536124 -3.22669 -2.436403 -1.300572 -2.367239 -4.366846 -5.620147 -4.433948 -1.802176 -1.716793 4.131612 2.516556 0.200683 -1.256417 -1.67932 -0.09431 -0.487176 -2.191256 -2.300267 -3.728373 -5.157472 -4.133224 -3.521639
-9999 -9999 -9999 -9999 -9999 -9999 -9999 -9999 -9999 -9999 -9999 -9999 -9999 1.360341 1.267284 0.807964 2.402084 5.891483 7.659486 2.799523 -1.362292 -3.503194 -6.78374 14.51201 0.276277 1.480196 -3.695616 -0.014413 -0.395537 -5.856259 -4.759151 -3.217602 -5.698193 -4.383311 -5.049808 -4.758273 -5.317062 -4.296875 3.622339 1.394356 -1.385375 0.49561 -5.735954 -2.494751 -0.561076 -0.951577 -1.447389 -2.841416 -6.109411 -4.159099 -2.509102 3.819231 0.240729 -0.182799 -0.061295 -0.791488 -0.414068 -1.447279 -2.645181 -1.94829 -2.738619 -5.823585 -3.348337 -7.19367
-9999 -9999 -9999 -9999 -9999 -9999 -9999 -9999 -9999 -9999 -9999 -9999 -9999 0.530104 0.927146 3.562296 5.845558 7.91946 6.61161 9.807519 26.71794 25.22385 13.2005 10.38755 5.921732 0.69429 -4.999706 -0.793685 -0.420209 -2.996152 -2.367357 -1.909919 -5.402186 -3.578536 -4.040699 -4.244646 -3.728041 -2.196154 -0.702616 18.21991 1.414214 -1.886028 -8.322626 -1.000569 0.642317 -0.055389 -0.831118 -1.906235 -4.525987 -3.335617 -2.280184 12.90666 0.301576 -2.096838 -2.013315 -1.881193 -2.069061 -0.414759 -1.78192 -2.619972 -2.415099 -5.010549 -2.502052 -3.902003
-9999 -9999 -9999 -9999 -9999 -9999 -9999 -9999 -9999 -9999 -9999 -9999 -9999 -15.70387 1.344004 0.524404 0.709867 0.46683 -1.505402 2.846021 0.329742 -2.834451 -1.096457 2.679071 20.83446 4.968068 0.377327 -0.74513 -0.247716 -2.528131 -1.799294 -1.707807 -3.609156 -2.032404 -2.856321 -0.768941 -3.836614 -2.729325 -5.041164 4.4102 5.629505 -7.845407 -2.789541 0.025167 0.414456 0.33311 -1.09362 -2.502879 -2.982007 -3.712608 -6.014812 19.65702 -2.815176 -4.026681 -3.339401 -4.148769 -2.135709 -2.425867 -2.79515 -3.397141 -1.807748 -3.154845 -1.851485 -2.184073
-9999 -9999 -9999 -9999 -9999 -9999 -9999 -9999 -9999 -9999 -9999 -9999 -9999 -9999 -8.011005 0.922217 0.132443 -0.387973 -0.629441 -0.421205 -3.824067 -3.25756 -3.024041 -1.420093 -1.61245 15.06348 1.467781 0.169593 -1.916885 -2.273507 -2.097244 -1.746666 -1.908471 -1.072687 -1.877786 -1.94473 -5.67159 -2.521873 -2.264941 0.305236 7.358696 -4.27163 0.09029 1.624486 0.135159 -0.11739 -0.629963 -1.764089 -2.49397 0.499112 -4.131886 13.32165 -3.356956 -6.982276 -1.953589 -2.408795 -1.698038 -0.999866 -2.229049 -2.368099 -0.903142 -1.671756 -1.285558 -1.223525
-9999 -9999 -9999 -9999 -9999 -9999 -9999 -9999 -9999 -9999 -9999 -9999 -9999 -9999 -9999 -23.5888 -11.49985 -5.345463 -2.237003 -1.296614 -2.88515 -1.160174 -1.395157 -0.618806 -0.068215 1.399824 8.674918 1.015307 -2.473212 -1.959028 -2.608284 -1.907615 -0.357633 -0.272715 -0.385449 0.128274 -2.304553 -0.849401 -0.946214 7.751025 27.78575 27.89625 20.71498 8.903409 1.591996 0.604062 0.033164 -0.584192 -4.805903 0.344388 -3.207534 8.794274 0.596938 -1.337375 -1.826906 -0.098219 -0.364541 0.11967 -1.213505 -1.280946 -1.090543 -1.796994 -1.299166 -1.050504
-9999 -9999 -9999 -9999 -9999 -9999 -9999 -9999 -9999 -9999 -9999 -9999 -9999 -9999 -9999 -5.44564 -10.41975 -10.19283 -7.649924 -6.107923 -5.602303 -4.501734 -3.783916 -2.581084 -2.360605 -1.255197 0.392278 13.94738 1.813009 -2.224426 -2.480387 -1.440166 -0.702869 -0.551445 -0.385277 1.104017 -1.247302 17.63956 8.554486 -0.474761 -0.526312 -2.300037 -0.005603 2.000288 15.44537 48.94888 35.54985 16.42978 6.668769 3.473878 0.785159 1.413461 9.527781 -1.633705 0.653692 -0.55712 -0.718492 0.199945 0.545309 -0.690157 -1.703183 -2.284454 -1.208923 -1.283543
-9999 -9999 -9999 -9999 -9999 -9999 -9999 -9999 -9999 -9999 -9999 -9999 -9999 -9999 -9999 0.135689 -3.27988 -8.156394 -9.626147 -9.031385 -7.550386 -6.84738 -4.768143 -2.995216 -2.10289 -2.453497 -2.744083 -0.541239 12.98692 4.962714 -0.282863 -0.622779 -1.040946 -2.426069 28.59507 18.65861 1.371431 -0.685261 1.025254 -1.928322 -2.441346 -2.163122 -0.688184 1.903624 2.587687 0.251464 0.034854 -1.91285 0.574139 3.647581 4.409271 8.549211 11.86431 29.03277 6.309097 0.589283 -0.862358 0.089211 0.504991 0.766534 -2.028614 -3.365357 -1.553824 -0.471917
-9999 -9999 -9999 -9999 -9999 -9999 -9999 -9999 -9999 -9999 -9999 -9999 -9999 -9999 -11.31505 1.594583 0.221162 -3.007403 -3.818725 -3.07453 -5.106193 -3.90282 -4.373788 -2.921894 -2.615173 -2.481243 -2.896855 -4.675292 -4.955348 2.220875 16.97004 0 0.241743 -1.955979 -1.516893 0.550856 0.618166 -0.422412 -0.451262 -1.968237 -1.901894 -2.881737 0.015086 1.893595 1.140682 -0.081628 -0.857941 -1.478806 -1.030309 -0.81252 0.070314 -4.370892 -4.244319 -4.435416 3.339729 12.14633 -1.794553 -0.20807 1.355413 1.060151 -3.494996 -4.635429 -0.929888 -1.113642
