data/asc/planc_90.asc
ncols         104
nrows         124
xllcorner     437168.40625
yllcorner     5417446.5
cellsize      90
NODATA_value  -9999
[rows 84 to 111 of 124, columns 0 to 63 of 104]
-9999 -9999 -9999 -9999 -9999 -9999 -9999 -9999 -9999 -9999 -9999 -9999 -9999 -9999 -4.005769 1.67329 1.101173 -1.819676 -2.342997 -1.817679 -1.753565 -3.630234 -4.005432 -4.870974 -2.2133 -2.269858 -2.43752 -3.859914 -2.902539 2.591719 4.50176 -3.148178 -0.674231 -0.87447 -1.203799 -0.063549 0.655345 0.547386 -1.813618 -3.064415 -1.509227 -1.192896 0.172267 1.440026 0.514991 0.184454 -1.228849 -1.890476 -2.2977 0.143325 -2.664006 -4.52318 -1.86944 1.009241 2.695925 6.327601 10.67016 0.165365 0.427232 1.674599 -3.942927 -3.497678 -1.266442 -1.813426
-9999 -9999 -9999 -9999 -9999 -9999 -9999 -9999 -9999 -9999 -9999 -9999 -9999 -31.33602 11.48359 7.241453 2.828602 -0.616892 -1.691555 -1.859655 -1.577226 -1.451236 -2.112917 -5.061621 -3.45487 -2.772732 -2.435231 -1.477897 0.07743 19.17469 -0.800984 -2.465463 -1.131927 -1.55739 -1.989694 0.196081 1.998533 0.372503 -3.107919 -3.762938 -1.216221 -0.311962 0.326647 1.298359 -0.393718 -0.981924 -1.247553 -2.00427 -1.447424 -1.791318 -2.967144 -1.696314 1.712428 1.687343 0.879867 1.520579 2.603281 0 7.00959 3.096913 0.675938 -3.482072 -0.689684 -1.552483
-9999 -9999 -9999 -9999 -9999 -9999 -9999 -9999 -9999 -9999 -9999 -9999 -13.61297 -8.388618 -1.473142 4.023366 9.378847 5.419403 0.249526 -2.679449 -1.01461 -1.743119 -1.418287 -5.028544 -2.504723 -1.610832 -0.895503 -1.346445 39.50362 0.748173 -0.60274 -1.910977 -1.336755 -1.497544 -2.036829 -0.335415 3.372831 -0.328311 -2.841806 -2.472199 -1.167937 0.393428 -0.046636 0.225299 -0.63076 -1.140087 -0.899006 -1.578031 -2.498662 -1.515039 -3.058315 -0.034025 -2.125092 -2.167478 -3.853808 -3.439686 -1.446162 2.820374 -2.658762 6.722764 11.16338 -6.008401 -0.287192 -5.198746
-9999 -9999 -9999 -9999 -9999 -9999 -9999 -9999 -9999 -9999 -9999 -17.03113 -5.141142 -3.139646 -4.631219 -9.194554 -3.930578 4.875313 5.457237 -2.137893 0.42254 -0.811334 -0.365564 -4.938068 -2.352788 0.436749 1.584594 17.16098 4.060913 0.398216 -1.658898 -2.098973 -1.153823 -1.217045 -1.778005 -1.401652 2.976924 -0.568596 -2.828925 -1.164535 -1.304494 -0.042815 -2.188731 -1.942869 -0.194194 -1.660215 -1.99878 -4.176627 -6.196131 -5.261081 -5.141337 -7.578264 -7.622478 -8.461962 -7.855636 -8.731374 -5.108788 6.159233 -8.064435 0.553728 6.623476 18.92194 11.42846 21.40651
-9999 -9999 -9999 -9999 -9999 -9999 -9999 -9999 -9999 -9999 -9999 -16.18706 -0.397156 2.600772 4.866587 9.265213 7.48989 10.69536 22.28621 35.32232 22.27702 10.68255 3.30269 -2.448944 0.013383 10.19596 3.752384 -0.89997 2.651885 0.192365 -1.792429 -1.983447 -1.41902 -1.308281 -1.891748 -2.587151 1.47926 1.158079 -3.637837 -0.88598 -1.261759 -1.74408 -2.880692 0.781875 -0.683961 -2.741393 -5.000354 -4.571361 -3.332557 -3.174233 -3.018615 -0.999197 -1.054434 -2.106635 -2.138544 0.014111 8.029509 5.039808 -2.040547 2.236885 1.856148 0.266101 0.502419 0.264523
-9999 -9999 -9999 -9999 -9999 -9999 -9999 -9999 -9999 -9999 -9999 -25.30521 0.71927 3.313908 3.775986 1.917141 0.843454 0.45181 0.89868 1.444443 -2.307133 -1.722319 2.354861 13.37459 14.79262 1.729827 -1.246235 -2.045717 2.377573 1.180838 -1.279795 -1.996169 -1.090195 -1.659743 -2.042595 -2.1945 1.390223 0.449892 -3.104908 -1.250236 -2.21286 -1.489474 -1.762858 -1.05722 -4.281579 -6.900316 -5.131726 -3.166125 -3.385246 -3.033236 -2.763556 -1.823423 -1.420187 -0.801755 -0.682788 -1.227741 14.58197 -2.522097 -2.347003 -1.781534 -1.233289 -0.464264 -0.560877 -1.805954
-9999 -9999 -9999 -9999 -9999 -9999 -9999 -9999 -9999 -9999 -9999 -3.001385 2.037665 1.170654 -0.118099 -1.378521 -2.047038 1.763948 1.873746 0.349162 -5.92919 -3.136727 -5.206149 -3.369296 15.69345 -0.398028 -1.819028 -2.444885 1.57959 2.805349 -1.71483 -2.874912 -2.748342 -2.026419 -2.718379 -1.417525 2.052328 -2.934201 -2.300968 -1.377691 -3.147071 -5.57343 -4.565014 -7.90281 -7.906832 -5.646859 -4.359179 -3.50053 -2.17876 -1.055284 -1.0322 -1.4666 -1.77956 -0.832211 -3.00746 -11.34405 -5.910059 -4.232678 -2.181992 -2.781277 -1.976214 -1.13843 -1.216466 -0.637362
-9999 -9999 -9999 -9999 -9999 -9999 -9999 -9999 -9999 -9999 -9999 -9999 0 1.008907 -2.268435 0.564924 2.877221 2.239002 -0.069856 -4.116269 -3.780643 -3.440881 -3.950629 1.068945 6.780988 -1.675885 -2.58881 -2.569188 0.05833 3.72951 1.81605 -3.308387 -3.847667 -2.803505 -3.981454 -2.20021 1.725577 -4.330626 -2.528634 -2.280538 -8.414675 -7.648362 -6.348972 -5.070171 -4.546005 -4.353814 -3.367344 -1.835184 -1.660093 -1.146488 -0.993753 -0.707011 -0.767896 0.350103 5.125396 2.589578 -1.430518 -2.991447 -2.409688 -2.774093 -1.128696 -1.346939 -0.921135 0.054455
-9999 -9999 -9999 -9999 -9999 -9999 -9999 -9999 -9999 -9999 -9999 -9999 -9999 -7.478712 -0.421155 1.610537 1.17709 -2.572448 -5.406483 -4.64054 -3.837506 -2.824061 0.476476 10.37942 1.058985 -0.35028 -1.963385 -3.311485 -1.320504 0.847615 5.990837 1.036717 -5.388046 -5.641909 -4.505092 -4.532633 -1.288621 -5.967888 -7.385707 -9.775555 -10.39299 -5.986867 -5.696323 -3.941155 -2.821847 -1.372285 -0.956509 -0.650806 -1.89863 -0.989923 -0.459665 0.728054 0.977829 1.521491 1.674212 0.169619 -0.684768 -2.936714 -2.150048 -2.891064 -0.34705 -1.729889 -0.75899 -0.517072
-9999 -9999 -9999 -9999 -9999 -9999 -9999 -9999 -9999 -9999 -9999 -9999 -9999 -31.35402 -1.424449 0.508702 -2.352681 -4.53274 -4.233975 -3.111581 -2.788902 -1.145895 0.318909 31.04248 -0.731199 -0.257687 -1.860829 -2.075011 -1.821148 -1.987082 2.009913 7.931538 1.59181 -0.347035 -5.070691 -4.80964 -6.505093 -10.96982 -9.013043 -6.015394 -5.200977 -4.206413 -1.534095 -2.730358 -1.934296 -1.576423 -1.484598 0.091441 -0.695374 -0.509092 -0.843486 0.227183 3.664773 11.28102 0.387798 -0.642389 -1.091387 -3.305169 -3.154524 -2.559662 -0.605606 -1.482674 -1.922304 -2.663187
-9999 -9999 -9999 -9999 -9999 -9999 -9999 -9999 -9999 -9999 -9999 -9999 -9999 -9999 -7.206011 -4.515783 -4.600445 -4.582648 -3.073025 -1.830274 -0.887571 -0.957184 0.621296 12.0768 -1.927811 -0.679307 -1.792277 -1.371672 -1.983809 -2.692287 -1.476075 4.845063 2.819356 -1.783521 -8.461308 -9.199224 -15.87059 -7.769667 -2.786817 1.244645 -1.958344 -0.02341 0.394081 0.063425 -3.566278 -2.671268 -1.19013 0.008144 -0.133378 0.180328 0.115422 1.19604 29.40063 0.456873 0.251752 0.374594 -1.745904 -2.406483 -3.351686 -2.118164 -1.606401 -1.495604 -3.959032 -4.981235
-9999 -9999 -9999 -9999 -9999 -9999 -9999 -9999 -9999 -9999 -9999 -9999 -9999 -9999 -17.26651 -6.064979 -5.880894 -4.998801 -3.363828 -1.57437 -0.177209 0.774791 8.632294 7.434791 -0.268341 -1.509742 -1.607313 -1.743237 -2.639396 -2.506734 -1.701255 3.174982 2.53617 3.021137 -9.031837 -8.890988 -0.01539 0.466775 1.702848 1.896954 0.609708 0.39319 2.00056 2.860681 -0.50928 -4.055211 -2.471188 -0.706109 -0.840219 0.131359 -0.661156 20.29901 0.953298 -1.256841 0.617489 -0.935344 -1.200649 -2.621769 -3.393599 -1.961451 -2.90393 -3.563673 -5.09097 -4.339307
-9999 -9999 -9999 -9999 -9999 -9999 -9999 -9999 -9999 -9999 -9999 -9999 -9999 -9999 -9999 -7.704454 -3.295451 -0.869522 0.038823 1.416758 2.720915 8.220724 7.076819 6.448155 1.421332 -1.098174 -1.642587 -1.901891 -1.778942 -3.368201 -2.00608 1.626713 2.748577 1.587413 0 -9.085316 -2.545341 0.342227 1.928691 1.748537 1.861726 -1.643008 -1.64301 2.231438 2.449491 -0.089801 -1.645764 -1.552052 -0.378203 -0.323019 -0.801386 1.299976 -1.294369 -0.801676 -0.031461 -0.909702 -1.790119 -3.499988 -5.248935 -3.899346 -4.303797 -4.898713 -2.256131 -3.209896
-9999 -9999 -9999 -9999 -9999 -9999 -9999 -9999 -9999 -9999 -9999 -9999 -9999 -9999 -9999 -11.56462 -0.62336 2.672025 3.033628 3.718131 5.490022 5.714548 0.495039 4.020214 3.784868 -1.56138 -0.886647 -2.738225 -2.456984 -4.470995 -3.253534 -3.817217 4.385872 0 -3.450393 -3.487449 -6.186009 -4.0087 -0.323041 1.695635 3.451003 3.808365 2.177195 0.398482 0.946958 0.787068 -0.977295 -2.492916 -1.030241 -0.083359 3.635062 -0.566001 -0.759635 -1.380633 -0.494571 -0.70981 -2.06524 -3.128601 -7.078975 -7.158592 -5.183705 -3.327527 -2.855737 -1.057242
-9999 -9999 -9999 -9999 -9999 -9999 -9999 -9999 -9999 -9999 -9999 -9999 -9999 -9999 -9999 -9999 -20.30493 2.529384 2.78794 0.879601 3.437879 2.688135 -2.665686 2.325737 6.377853 0.938235 -0.063446 -2.027699 -2.682643 -6.147642 -14.23572 -12.71227 3.854468 -0.381046 -1.070395 -2.890081 -2.016289 -6.203145 -2.850682 -3.406167 -1.226998 0.377965 2.089539 4.380609 4.470684 3.201849 1.601398 -1.704764 -2.223877 25.37136 0.477521 1.079242 0.188328 -0.131036 0.169208 0.324475 0.097546 0.010024 -5.223485 -9.202312 -4.595044 -3.25107 -3.395299 -0.624685
-9999 -9999 -9999 -9999 -9999 -9999 -9999 -9999 -9999 -9999 -9999 -9999 -9999 -9999 -9999 -9999 -9999 -14.7662 -8.077186 -11.69815 -9999 -15.5705 -7.927894 0.373556 8.411989 -1.120963 -2.069678 -1.515993 -2.387007 -9.270807 -15.09398 -2.613924 2.800689 2.020786 0.273631 0.246572 -2.623291 -5.60086 -1.819203 -3.920423 -5.635895 -2.027749 -1.635152 -0.647951 0.472575 1.86874 4.636211 3.53957 13.34586 1.068211 0.7325 0.356461 0.225179 0.490636 0.132266 -0.051628 -0.824312 -4.18284 -6.069047 -10.32076 -4.127549 -1.886977 -1.433037 -1.571542
-9999 -9999 -9999 -9999 -9999 -9999 -9999 -9999 -9999 -9999 -9999 -9999 -9999 -9999 -9999 -9999 -9999 -9999 -9999 -9999 -9999 -9999 -9999 -5.70844 5.886699 5.230495 0.922407 -0.066736 -1.23639 0 -2.59747 -0.959862 0.554855 2.184601 2.78442 1.606297 -2.675428 -6.019387 -1.682009 1.072886 -1.356766 -1.971327 -1.733701 -1.744071 -1.340572 -1.046856 -0.721035 5.195945 1.711059 0.07577 0.674257 -0.049392 0.684957 -0.051103 -0.220063 -0.828258 0.022335 -3.463781 -11.18587 -9.29936 -2.630059 -1.830203 -1.108027 -0.935544
-9999 -9999 -9999 -9999 -9999 -9999 -9999 -9999 -9999 -9999 -9999 -9999 -9999 -9999 -9999 -9999 -9999 -9999 -9999 -9999 -9999 -9999 -9999 -9999 1.815448 1.158406 1.325526 0.341496 -4.494732 -0.751487 0.609306 0.131001 -0.656387 0.171989 1.920885 3.05203 -1.48434 -4.425726 -3.460916 -2.584985 -1.811131 -1.541212 -0.923123 -1.607307 -1.61873 -0.916508 1.090771 0.640371 0.381033 0.324938 0.958145 0.205676 0.664753 0.462578 0.185137 -0.125554 -1.501257 -2.900379 -21.24178 -5.520745 -2.393224 -0.816384 -0.208434 -0.122711
-9999 -9999 -9999 -9999 -9999 -9999 -9999 -9999 -9999 -9999 -9999 -9999 -9999 -9999 -9999 -9999 -9999 -9999 -9999 -9999 -9999 -9999 -9999 -9999 -9999 -7.584615 -1.422466 5.317293 0 0.201452 0.608683 0.594498 0.285794 0.390168 2.146042 2.663743 0.998828 -1.624348 -1.344138 -2.791576 -2.414717 -2.344795 -1.769246 -1.312868 -0.761483 1.108402 18.69381 -0.219183 0.386407 -0.475157 1.339067 -0.134768 0.848339 0.850492 0.662532 0.763278 -3.672233 -8.840898 -9.230227 -0.204975 -1.291845 -1.507995 -0.19354 1.136607
-9999 -9999 -9999 -9999 -9999 -9999 -9999 -9999 -9999 -9999 -9999 -9999 -9999 -9999 -9999 -9999 -9999 -9999 -9999 -9999 -9999 -9999 -9999 -9999 -9999 -9999 -9999 0 -2.147854 -2.220212 -0.179411 1.53108 2.800624 2.596597 3.218828 3.092027 2.776531 0.953775 -1.038837 -4.796815 -3.723091 -1.935151 -1.160577 -0.620314 0.654007 43.40509 0.061725 -0.594471 0.155048 -1.008561 0.161079 0.211245 0.571046 1.5981 0.360038 0.167414 -6.808903 -12.31443 -1.915774 0.832092 1.32982 1.015377 1.289056 0.736101
-9999 -9999 -9999 -9999 -9999 -9999 -9999 -9999 -9999 -9999 -9999 -9999 -9999 -9999 -9999 -9999 -9999 -9999 -9999 -9999 -9999 -9999 -9999 -9999 -9999 -9999 -9999 0.577049 -1.236959 -1.228704 -0.302968 -0.17858 -0.959026 -0.608931 1.670713 3.601966 6.849663 8.292946 0.754059 -5.062364 -3.755852 -1.176762 -0.937145 -0.899904 20.04396 -0.143135 -1.176679 -1.539298 -1.114289 -1.079172 -0.586474 -1.158829 0.180696 0.475353 0.71238 -0.929247 -10.51677 -8.112335 -2.316053 0.288499 0.553049 1.013686 -0.377755 -1.881029
-9999 -9999 -9999 -9999 -9999 -9999 -9999 -9999 -9999 -9999 -9999 -9999 -9999 -9999 -9999 -9999 -9999 -9999 -9999 -9999 -9999 -9999 -9999 -9999 -9999 -9999 -3.640971 1.973591 -1.109158 -2.399918 -1.388121 -2.522617 -2.012876 -3.532549 -2.263713 -2.996803 -0.905077 3.777383 6.137854 -1.135134 -5.566854 -3.624382 -1.721516 3.748231 2.145015 0.078589 0.282449 -0.695421 -2.383329 -0.813718 -0.453867 -1.385685 -0.78782 1.365257 0.277781 -5.290134 -12.67643 -7.221914 -2.148328 -1.785773 -1.240209 -1.493247 -1.331465 -1.024547
-9999 -9999 -9999 -9999 -9999 -9999 -9999 -9999 -9999 -9999 -9999 -9999 -9999 -9999 -9999 -9999 -9999 -9999 -9999 -9999 -9999 -9999 -9999 -9999 -9999 -9999 -4.642177 0.758486 0.712279 -0.16556 -6.223858 -3.655518 -2.669998 -3.466076 -5.231258 -3.694425 -3.270778 0.102976 7.338122 5.849632 -2.360202 -0.413744 8.624866 5.601324 -1.54022 -1.353369 -0.141492 -0.265586 -0.109914 0.195529 0.222843 -1.575959 -2.740116 2.979631 0.552156 -14.82042 -9.81135 -2.425763 -0.846004 -0.683286 -1.731604 -2.356753 -1.174886 -0.524167
-9999 -9999 -9999 -9999 -9999 -9999 -9999 -9999 -9999 -9999 -9999 -9999 -9999 -9999 -9999 -9999 -9999 -9999 -9999 -9999 -9999 -9999 -9999 -9999 -9999 -9999 -7.89188 0.105396 3.639712 6.104115 1.077587 -2.837707 -1.747845 -1.662199 -2.127796 -3.393616 -3.377465 -3.457749 -2.381162 14.60493 26.91429 11.79931 6.247698 2.919895 -3.252037 -2.900499 -1.867862 -0.696818 -1.830199 -0.479568 0.391741 -2.114104 -6.834629 1.329584 -0.68251 -17.54204 -3.094781 0.003153 -0.038376 -0.23186 -0.381527 -0.872254 -1.59633 -1.69895
-9999 -9999 -9999 -9999 -9999 -9999 -9999 -9999 -9999 -9999 -9999 -9999 -9999 -9999 -9999 -9999 -9999 -9999 -9999 -9999 -9999 -9999 -9999 -9999 -9999 -9999 -12.75651 -3.249987 -0.894549 1.894535 7.608268 2.038146 1.219652 -0.883858 -1.827986 -1.808938 -1.709822 22.62248 11.22411 1.410612 -2.27256 -2.751214 -0.322174 6.238381 -1.036436 -3.014313 -2.736241 -2.181084 -3.022067 -1.453686 0.11637 -0.212357 -3.848518 -6.93393 -9.164747 -8.874674 -2.307599 -1.076006 -1.315046 -0.71602 -0.328309 0.192904 0.889075 1.150037
-9999 -9999 -9999 -9999 -9999 -9999 -9999 -9999 -9999 -9999 -9999 -9999 -9999 -9999 -9999 -9999 -9999 -9999 -9999 -9999 -9999 -9999 -9999 -9999 -9999 -9999 -36.96559 -1.201959 -2.488384 -3.157149 -0.960324 4.38371 9.077868 14.01086 21.8733 35.04122 4.107358 1.068081 0.487537 -1.983275 -3.094022 -2.995662 -3.807142 17.87652 -1.76059 -1.819998 -1.883525 -2.205494 -3.329665 -2.524364 0.880034 0.320368 -3.643932 -14.86862 -13.90649 -2.692242 -0.254127 -0.483025 0.122083 0.719287 1.416366 1.643604 1.452771 0.931373
-9999 -9999 -9999 -9999 -9999 -9999 -9999 -9999 -9999 -9999 -9999 -9999 -9999 -9999 -9999 -9999 -9999 -9999 -9999 -9999 -9999 -9999 -9999 -9999 -9999 -9999 -9999 -1.092319 4.047008 10.85782 10.21902 5.655488 3.937207 3.453323 2.292963 2.167711 0.348933 -2.667799 -1.126561 -0.818045 -1.94642 -3.064563 -1.2353 36.28526 0.588091 -1.417578 -2.546447 -2.326807 -2.841923 -3.380795 -0.257842 0.551889 1.294637 -14.79668 -2.597483 -0.594262 0.921071 1.535629 1.507163 0.884222 0.091731 -1.114625 -2.262943 1.041933
-9999 -9999 -9999 -9999 -9999 -9999 -9999 -9999 -9999 -9999 -9999 -9999 -9999 -9999 -9999 -9999 -9999 -9999 -9999 -9999 -9999 -9999 -9999 -9999 -9999 -9999 -9999 -12.62616 -3.440223 1.387645 -1.166466 -2.21661 2.043944 1.837394 0.854932 -0.92209 2.760527 -2.142931 -2.137227 -0.470766 -2.019204 -2.216798 -2.55565 6.99475 1.132229 -1.811034 -1.664042 -1.554815 -2.258191 -3.537181 -2.73104 0.187011 -0.810452 -27.96873 -1.1079 -1.735479 -0.878267 -0.531492 -0.880568 -1.478225 -0.927236 -1.172639 0.243609 14.82995
