data/asc/planc_90.asc
ncols         104
nrows         124
xllcorner     437168.40625
yllcorner     5417446.5
cellsize      90
NODATA_value  -9999
[rows 28 to 55 of 124, columns 0 to 63 of 104]
-9999 -9999 -9999 -9999 -9999 -9999 -9999 -9999 -9999 -9999 -9999 -9999 -9999 -9999 -9999 -9999 -9999 -9999 -10.19001 3.838627 -5.679873 -4.608142 0.937634 5.95791 1.475658 -5.296388 -14.75314 1.012965 1.751461 1.707486 2.534807 2.522718 4.118276 20.07192 -0.736968 -0.898937 -1.771202 -1.788006 -7.964339 -4.400415 -3.383791 0.526133 6.822844 4.902251 0.654577 -6.925821 -4.234528 -1.103491 -0.333988 -0.814288 0.352105 0.016013 0.081487 0.724176 0.781617 0.478599 1.203048 -1.189979 -1.911351 2.944779 1.91178 -0.704599 1.721614 -0.575952
-9999 -9999 -9999 -9999 -9999 -9999 -9999 -9999 -9999 -9999 -9999 -9999 -9999 -9999 -9999 -9999 -9999 -9999 -7.482038 2.814939 -3.784147 -5.042691 2.013032 6.573962 1.493134 0.561878 -28.88614 2.62643 5.717649 5.031129 3.968951 2.799409 2.807539 4.041413 4.981558 -1.934557 -0.709516 -1.628902 -5.747825 -4.542363 -4.449893 -2.927002 3.491541 11.25925 1.621575 -5.667401 -6.473499 -0.807556 -0.6676 -0.740477 0.168063 -1.145813 -0.843284 -0.104616 -0.844572 1.778175 3.335865 1.681706 -3.339637 -1.146771 1.248838 -0.187053 1.73522 1.478808
-9999 -9999 -9999 -9999 -9999 -9999 -9999 -9999 -9999 -9999 -9999 -9999 -9999 -9999 -9999 -9999 -9999 -9999 -9.206192 2.778105 -0.149806 -4.224205 2.878785 6.551961 2.903963 4.441269 0.732141 0.203203 -0.573946 -0.990912 -3.089695 -1.755731 -3.16935 -0.137745 19.62572 0.755489 -0.74211 -0.627397 -3.761135 -5.426126 -3.833846 -3.1204 -0.218945 15.84833 -0.5427 -8.579411 -5.756021 -1.280484 -0.423216 0.543475 0.759784 -1.51145 -1.777891 -1.28656 -1.871418 -2.104051 1.083033 4.074552 0.398941 -2.504778 1.821732 0.599849 0.140002 -0.665502
-9999 -9999 -9999 -9999 -9999 -9999 -9999 -9999 -9999 -9999 -9999 -9999 -9999 -9999 -9999 -9999 -9999 -9999 6.081669 3.445604 2.960565 0.073515 4.065697 3.313599 -2.249311 -1.706543 -10.76877 -16.43193 -10.12954 -4.615534 -4.237346 -4.369182 -2.644906 -1.540063 3.312135 17.21024 0.97377 -0.422208 -2.944951 -5.17065 -5.478922 -3.324889 -2.85541 9.872803 -1.771423 -5.829359 -4.57246 -2.095553 -3.451607 0.003146 3.079944 0.95827 -1.386474 -2.181273 -3.653786 -4.583208 -5.598195 -2.124838 0.303562 -5.991332 -3.566715 1.552298 4.324712 3.758448
-9999 -9999 -9999 -9999 -9999 -9999 -9999 -9999 -9999 -9999 -9999 -9999 -9999 -9999 -9999 -9999 -9999 -0.254508 5.781177 6.827015 5.845293 4.097029 5.650688 1.615189 -3.564239 -2.239903 -9.571587 -50 -10.29571 -9.726881 -4.988003 -4.531037 -2.472706 -1.76949 -0.706974 6.887963 1.378137 0.27803 -2.466627 -4.364429 -5.885867 -3.35374 -1.489225 3.240069 5.962256 -4.394628 -4.625997 0.164308 -3.391449 -5.789403 1.191007 3.516574 0.824879 -1.659833 -1.854839 -9999 1.435449 1.73213 0.87097 1.202676 3.894958 0 1.282603 0
-9999 -9999 -9999 -9999 -9999 -9999 -9999 -9999 -9999 -9999 -9999 -9999 -9999 -9999 -9999 -1.083404 0.282802 0.878693 2.598125 2.949048 6.277609 10.42542 14.37334 6.650911 1.258594 -0.425819 -1.253126 -17.92104 -7.32331 -6.511932 -3.62982 -4.151549 -3.598048 -3.19523 -1.978908 0.600124 15.69329 -0.904424 -3.157297 -4.483696 -6.175904 -4.304186 -0.792095 0.969124 13.65508 -2.610955 -6.7782 0.967542 -0.297848 -3.881003 -2.562894 0.883538 1.946276 -1.785908 -4.276365 -9999 3.399621 1.826976 4.957216 10.27993 0 0 4.702112 0.233216
-9999 -9999 -9999 -9999 -9999 -9999 -9999 -9999 -9999 -9999 -9999 -9999 -9999 -1.36232 -1.892846 1.747043 0.232522 1.800121 0.619299 -1.127891 0.39829 1.004005 1.446054 6.020791 21.81261 1.052985 -1.692669 -6.654626 1.93842 -9.09413 -2.40244 -4.070858 -4.24824 -2.986536 -1.654693 0.462061 17.66417 -0.345768 -2.840625 -3.75719 -4.446289 -5.353178 -3.482489 -0.924585 9.845119 -3.884906 -6.266453 0.252349 0.055654 -2.053406 -1.02299 -9999 -9999 -9999 -9999 -9999 0.566047 5.730604 11.76583 3.13212 0.515313 1.313852 -0.713602 1.219153
-9999 -9999 -9999 -9999 -9999 -9999 -9999 -9999 -9999 -9999 -9999 -9999 0 -3.197667 -0.31246 2.161273 0.778484 2.030671 -0.292199 -2.259853 0.958458 2.293877 0.040925 0.422108 2.163627 20.77987 6.806327 -1.703957 1.627316 -6.005207 -1.436026 -4.65319 -2.67119 -4.307417 -3.828077 -1.253578 4.515219 3.207642 -2.845783 -4.603915 -3.339556 -1.725853 -2.256573 -3.131647 4.52827 0.03535 -6.106995 0.721569 -1.155734 -0.494695 -9999 -9999 -9999 -9999 -9999 -9999 2.948018 6.826415 2.345186 -1.070507 -1.575102 0.309619 -1.65845 1.396917
-9999 -9999 -9999 -9999 -9999 -9999 -9999 -9999 -9999 -9999 -9999 -9999 9.297765 2.029233 5.620599 3.487839 0.344265 -0.72671 -2.807702 -3.380514 0.610973 4.707936 -2.387628 -2.482722 -0.244646 -1.058102 1.867094 21.76987 0.598481 -3.908678 -1.006396 -2.673272 -0.652593 -2.536044 -4.428698 -3.123151 1.407522 15.19975 -4.3059 -2.917692 -1.701172 -0.591712 -1.514529 0.21054 1.860198 1.134998 -3.378834 -9999 -9999 -9999 -9999 -9999 -9999 -9999 -9999 -9999 3.23272 8.837146 0.703667 -1.577845 -0.660021 -0.222125 -1.246516 1.605621
-9999 -9999 -9999 -9999 -9999 -9999 -9999 -9999 -9999 -9999 -9999 -9999 -9999 1.488885 5.339037 -5.928835 -5.339479 -8.629384 -8.988233 -8.563323 -9.672108 19.69083 -17.04398 -9.110718 -7.461314 -8.241068 -7.010262 -0.465048 11.19661 -1.292854 -1.347589 -2.834491 -1.690422 -2.191891 -1.999377 -5.835641 -3.875049 8.69522 -0.725891 -1.691855 -1.122752 0.440523 3.038168 8.920362 0 -9999 -9999 -9999 -9999 -9999 -9999 -9999 -9999 -9999 -9999 -3.19037 1.245235 6.845902 -5.645552 -1.837634 -0.60726 -0.977012 -1.988744 1.921927
-9999 -9999 -9999 -9999 -9999 -9999 -9999 -9999 -9999 -9999 -9999 -9999 -9999 -2.117754 -7.47462 -15.0078 -10.26641 -8.206059 -6.655038 -9.00248 -5.523673 10.46598 -5.06529 -17.69711 -12.64038 -7.207781 -4.561803 -2.000081 5.55029 2.253444 1.027892 -1.139434 -1.175062 -1.61086 -2.181405 -2.674738 -2.904667 -4.541652 3.763005 23.75161 15.17282 -1.677263 -4.072794 0.342987 2.769475 1.381891 3.153968 -9999 -9999 -9999 -9999 -2.034878 -0.577974 -1.63052 -1.78835 -2.709011 0.213806 8.128159 -4.207009 -4.073883 -0.557256 -1.616411 -1.743106 1.413076
-9999 -9999 -9999 -9999 -9999 -9999 -9999 -9999 -9999 -9999 -9999 -9999 -9999 -7.9384 -5.49961 -4.021368 -3.267475 0.136171 -0.015552 -3.300267 -0.07429 3.955313 1.372982 -3.076929 -3.797627 -2.563477 -3.376815 0.438616 3.105601 5.859057 5.339178 2.741337 0.351976 -0.802933 -0.466392 -0.11647 1.461136 6.822076 10.85168 2.620373 0.064764 -3.405865 -3.511032 0.352399 0.680732 -0.893123 -3.481725 7.033931 -1.299351 0.570193 -2.760046 -0.567036 -0.801569 -1.458841 -3.050346 -7.976688 3.184671 9.916395 -0.29975 -3.816716 -1.31622 -2.746087 -0.407901 0.195286
-9999 -9999 -9999 -9999 -9999 -9999 -9999 -9999 -9999 -9999 -9999 -9999 -9999 -9.13938 -2.097202 -1.034443 -1.758626 1.076865 1.81453 -1.229 -3.366215 -0.084221 2.189817 2.08256 -2.738139 -2.416753 -5.256831 -5.987889 -4.102996 -2.126316 0.836298 4.812653 4.196818 1.366449 -0.567819 -0.343039 -1.933609 -7.281254 1.575303 2.694185 -1.277119 -2.926563 -2.411499 -0.03586 -0.62246 -4.463462 -3.307821 4.608211 1.662514 -2.981273 -2.105262 -2.016608 -1.902845 -1.76737 -2.360334 -7.198564 4.972608 6.538656 1.521289 -1.399344 1.247669 -3.419527 0.651932 -0.812404
-9999 -9999 -9999 -9999 -9999 -9999 -9999 -9999 -9999 -9999 -9999 -9999 -9999 -2.710874 2.359714 3.553506 1.225037 1.871487 3.550052 3.358791 -2.700559 -4.202468 -0.454258 2.913956 2.489802 1.032316 -2.895548 -4.170566 -2.961396 -3.720953 -4.044552 -4.567116 -0.367781 1.191301 1.430671 1.792775 -3.44589 -5.752878 0.841514 2.492966 -0.709814 -2.468976 -1.463137 -1.501249 -2.863746 -3.440178 -1.639924 4.286384 5.085464 -1.843683 -2.542451 -3.278704 -1.859208 -2.186522 -1.903465 -4.378473 2.492368 5.357606 -0.320565 -0.250239 0.684537 -4.150501 0.864673 -1.512385
-9999 -9999 -9999 -9999 -9999 -9999 -9999 -9999 -9999 -9999 -9999 -9999 -9999 -7.763257 -1.086389 0.33312 0.186048 -0.415852 0.786291 5.209291 2.659147 -8.43985 -2.948729 -1.494065 -0.200905 2.152735 -1.164966 -2.819205 -3.424068 -1.59794 -2.205132 -1.585489 0.257578 8.316601 11.64251 0.417394 -2.754097 -3.71235 -1.015117 2.12845 -0.025182 -1.202162 -2.433605 -2.04681 -3.215529 -3.174217 -2.514087 2.325469 5.504317 -1.364375 -2.342621 -2.698956 -2.744937 -3.192751 -1.977158 -3.570903 0.189705 6.742243 -3.238902 -0.129818 2.465944 -3.512371 -1.436732 -1.975659
-9999 -9999 -9999 -9999 -9999 -9999 -9999 -9999 -9999 -9999 -9999 -9999 -9999 -12.83821 -5.145713 -1.890133 -0.729184 -0.314966 -0.929133 4.25966 10.5173 -5.763092 -3.960347 -3.365129 -1.40233 2.405464 0.818055 -1.684554 -0.381552 -1.513574 -1.564518 0.569519 32.17793 0.862141 1.414429 0.183324 -2.764149 -2.494255 -1.686327 0.667718 0.691877 -0.367503 -3.400738 -3.551974 -4.297481 -4.180588 -2.945489 1.056039 7.60568 -2.128732 -1.746765 -2.341282 -2.87947 -2.945559 -3.495627 -3.095373 0.829325 4.883749 -3.28116 -2.117123 3.435337 -3.046581 -4.229432 -4.794519
-9999 -9999 -9999 -9999 -9999 -9999 -9999 -9999 -9999 -9999 -9999 -9999 -9999 -7.489266 -2.33689 -2.217368 -1.224012 0.030527 -0.960946 -0.474379 6.552429 4.328149 -2.624378 -2.809057 0.086169 0.46336 1.751966 0.037809 1.596232 23.93412 27.05517 5.042881 4.022608 0.370794 -3.324708 -3.84903 -5.572339 -2.638708 -3.824289 -1.796755 0.924056 -0.596045 -3.532139 -3.976693 -5.67068 -2.948516 -2.672475 -2.254665 7.013289 -1.180655 -1.296476 -1.233666 -1.844976 -2.098725 -3.012501 -2.881693 0.493832 4.287121 -1.251905 -5.57916 2.602251 -1.963561 -8.803442 -6.860548
-9999 -9999 -9999 -9999 -9999 -9999 -9999 -9999 -9999 -9999 -9999 -9999 -21.89382 -3.510368 -1.292987 -1.657561 -1.426775 -0.186036 -3.847565 -3.098714 -0.387362 6.196563 3.581173 -3.380091 0.371001 1.312566 0.281871 0 -4.132514 -2.270619 -1.147982 -3.086269 0.345811 5.981785 -2.265222 -2.98039 -3.337854 -1.155942 -6.529504 -5.485314 0.226936 -0.523892 -3.60278 -5.346148 -2.1019 -1.44214 -0.45143 0.401515 9.426517 -0.333571 -1.423684 -2.639333 -2.701799 -1.451271 -3.091608 -2.728457 -1.237563 3.032007 1.408656 -4.346461 0.057089 -5.187566 -9.572203 -6.788363
-9999 -9999 -9999 -9999 -9999 -9999 -9999 -9999 -9999 21.78739 -29.64975 -6.36033 -2.7191 -1.288816 -1.440585 -1.104867 -1.668468 -0.638931 -1.414889 -2.698726 -3.299504 -2.430581 2.889641 0.292835 0.459549 36.32826 0.576234 0.990154 -0.182784 -3.286566 -2.269771 -6.217495 -2.800107 20.40618 0.434583 -1.898446 -3.28751 -0.608561 -2.185211 -7.752909 -2.209641 -1.329503 -2.753963 -5.982092 -3.179601 -1.089782 -0.983874 0.018469 7.557292 -0.761953 -1.641316 -2.309448 -2.358347 -2.1213 -3.020517 -3.32461 -3.129967 1.022826 1.184221 -3.60983 -5.9701 -8.812819 -9.919736 -5.714978
-9999 -9999 -9999 -9999 -9999 -21.68799 -19.43576 -17.575 -8.923133 3.284765 3.669275 -3.228593 -1.692807 -2.334218 -1.685019 -1.76561 -1.283738 -0.540004 -1.236397 -3.419341 -2.541495 -1.896038 1.749524 0.336386 -3.832633 -1.538008 -1.895074 0.775274 0.707812 -3.532049 -3.521353 -6.674964 -3.283876 6.092691 1.504038 -1.024805 -2.238108 -1.479686 0.028333 -5.564055 -4.828071 -2.852523 -2.684013 -5.460668 -1.028941 -0.941225 0.259067 1.381752 8.360597 0.381889 -1.034459 -1.295949 -2.954288 -0.199673 -1.915163 -3.23386 -4.354235 -1.224126 0.353066 -10.52183 -9.620945 -8.28028 -1.551494 -1.820524
-9999 -9999 -9999 -9999 -9999 2.73943 2.93956 0.883911 0.127119 0.28522 3.643502 -0.093697 -1.307875 -1.800635 -0.931639 -1.834834 -0.578472 0.311195 -0.763602 0.108621 -0.723678 0.402357 19.68604 3.442985 1.204387 -0.798824 -1.828218 -0.590417 0.224626 -2.272386 -3.216159 -5.740473 -2.567135 -0.537826 8.014112 0.040104 -2.415399 -2.528335 -2.179509 -2.319779 -7.920273 -3.697415 -4.340996 -4.913575 -0.895462 -1.247054 -0.924572 0.241783 8.176027 -0.835275 -1.065078 -1.412623 -2.080234 -1.741629 -0.353368 -2.506551 -5.880078 -4.397348 -5.106655 -10.0005 -6.101724 -3.178917 0.07359 1.642745
-9999 -9999 -9999 -9999 -9999 -1.647247 -0.312978 1.607435 3.0985 1.488022 3.721207 1.621948 -0.548229 -3.057565 -1.822217 -1.433939 -0.980207 -0.46608 -0.038085 0.031042 0.433579 1.510093 0.107499 0.661846 -0.553529 0.407708 -1.193551 -1.15667 -1.009554 -2.510601 -3.329109 -5.726285 -1.68452 -0.233435 32.96204 0.127165 -2.552783 -4.756164 -4.293416 -4.640038 -7.828938 -5.958825 -6.668885 -4.704737 -1.433183 -0.95371 -0.842057 1.44676 5.951013 1.221478 0.611049 -1.886957 -4.429513 -2.147599 -1.478864 -2.777803 -6.753568 -18.5773 -18.54459 -7.856995 -3.504059 -1.578736 -0.380558 0.681236
-9999 -9999 -9999 -9999 -9999 6.638676 3.510143 1.179982 -2.187648 -0.226586 3.644092 5.428145 -0.828224 -2.603523 -1.218175 -1.051517 -0.443355 0.296511 -0.229888 0.443783 5.003125 0.556539 -1.64426 -0.977945 -0.657064 -0.396378 -0.382765 -2.101005 -1.234178 -2.751067 -4.344769 -4.414378 -1.834336 -0.124607 19.04255 0.609394 0.190344 -0.190694 -3.281848 -4.45309 -8.807407 -10.77032 -6.409099 -2.823966 -1.927091 -1.960473 -0.572919 2.694708 4.855844 -1.064035 1.062928 1.882955 0.144029 -2.964927 -2.185938 -4.768891 -23.6549 -1.501364 0.739262 -1.198242 0.001535 -1.759129 -1.64048 -0.802999
-9999 -9999 -9999 -9999 -14.91437 -3.658828 0.722421 5.063285 6.622631 1.369035 0.383974 4.751824 0.082538 -2.044559 -1.351415 -1.098066 -0.808202 -0.022059 -0.244738 6.887005 2.340841 0.054445 -0.830796 -0.847 -1.201224 -0.097009 -0.558312 -1.057352 -1.86144 -2.677846 -3.524599 -3.258762 -1.441035 -1.97975 5.534145 2.681944 1.075058 1.588177 2.249989 0.603893 -5.273402 -14.23872 -5.292721 -1.198472 0.792634 3.744616 1.99763 6.491277 8.64167 -0.84275 -2.598392 0.18088 0.628907 -1.69406 -2.428828 -15.49482 -6.26723 0.955432 1.762876 -0.355988 0.041542 -1.380743 -2.707917 -1.914765
-9999 -9999 -9999 -9999 0.498366 2.38826 2.769192 2.846243 2.611451 5.493681 9.036914 12.64704 9.606627 1.424553 -1.097469 -1.603779 -0.79416 1.328301 32.36859 1.905255 1.10325 0.40997 0.650044 0.558159 -0.282038 -0.835296 -1.175539 -2.047059 -2.189472 -2.601671 -3.844083 -4.221312 -1.734488 -1.659778 1.908225 2.651604 0.265551 0.880034 0.827057 1.221436 -3.260885 -15.0107 -1.20099 2.17064 3.179502 -1.563314 0.582405 10.62642 8.989608 2.429225 -1.961695 -1.734992 0.584393 -0.008309 -4.100852 -23.15908 -3.894684 -1.144301 0.468307 1.117611 0.775402 0.395772 -1.055615 -0.583593
-9999 -9999 -9999 -9999 -9.877686 -4.888583 -5.491644 -5.210728 -5.067561 -2.566147 -1.842012 0.36022 2.769473 10.29471 5.594526 0.558749 10.82047 13.20765 3.378372 0.174308 -0.97042 -2.565081 -0.330896 0.275159 0.343381 -0.694898 -2.273515 -1.486001 -2.69752 -3.356217 -3.916597 -5.622767 -1.89647 -0.492644 0.536419 5.9189 -0.437899 -4.580268 -4.262015 -3.302541 -4.336692 -14.93655 -1.238958 -0.501359 -3.704251 -0.694277 7.172267 2.835291 0.739817 7.200641 1.170542 0.108303 -0.579381 -1.423828 -15.85368 -5.018665 0.08045 -1.515334 -1.264004 -1.115935 1.744411 2.71442 1.799073 33.47658
-9999 -9999 -9999 -9999 -12.35899 -4.172517 -2.603216 -3.551104 -3.277766 -2.662923 -3.103789 -4.302767 -4.565137 -2.558307 2.953715 4.673588 -4.754039 -3.164865 3.009421 -0.483363 -4.279942 -4.129349 -1.951702 -0.64815 0.159279 -1.55778 -1.526383 -2.137333 -3.126682 -3.488452 -5.977888 -2.282933 -1.723691 -0.897826 0.785345 10.68631 -0.21315 0.314201 0.035876 -0.516697 -4.649648 -12.74545 -5.356008 -1.190841 2.139523 7.174715 5.798895 -1.659261 -4.106443 10.58222 2.35952 0.68611 1.114808 1.162908 -31.99998 0.384934 1.607741 1.936061 3.084133 0.801235 1.899215 12.25624 10.84513 0.410006
-9999 -9999 -9999 -9999 -9999 -6.635445 -3.814402 -4.084284 -3.613955 -1.951875 -2.7415 -3.966234 -3.756929 -3.749886 0.766976 0.971666 -1.343623 -0.677503 1.215324 8.038614 -2.740189 -5.529228 -4.48278 -1.990621 0.026234 -2.218331 -2.863607 -2.231423 -3.089882 -4.542008 -4.885629 -2.193927 -0.644134 -2.288205 -0.607304 8.864589 2.2776 1.688506 1.706699 -0.288545 -4.509234 -10.86272 -5.476203 2.305345 4.310282 2.992851 3.436534 -3.500744 -3.567736 9.628176 1.510255 0.476417 0.60151 -1.426159 -34.10604 -0.482124 1.881608 3.340724 3.419379 7.132998 15.22701 6.083243 1.989384 -2.963238
