data/asc/profc_90.asc
ncols         104
nrows         124
xllcorner     437168.40625
yllcorner     5417446.5
cellsize      90
NODATA_value  -9999
[rows 84 to 111 of 124, columns 0 to 63 of 104]
-9999 -9999 -9999 -9999 -9999 -9999 -9999 -9999 -9999 -9999 -9999 -9999 -9999 -9999 0.152746 2.656331 -0.684367 -2.767992 -3.34051 -1.314691 -0.822286 0.147671 4.017624 0.601539 -4.536147 2.130417 1.433566 -6.671137 4.552668 12.32353 16.53646 12.73022 5.585435 -1.3621 -6.821599 -6.390401 -3.058773 -5.091255 -13.55487 -12.26214 -5.69496 -3.043395 2.154786 5.793425 1.749595 -2.612087 -1.534201 -0.089483 -10.36401 -10.31459 0.72853 0.949899 7.612444 10.81586 -1.555915 6.825482 4.610417 5.623955 2.61216 7.606255 14.86554 16.56131 17.71001 12.87194
-9999 -9999 -9999 -9999 -9999 -9999 -9999 -9999 -9999 -9999 -9999 -9999 -9999 3.022549 -7.010319 3.667403 -2.61084 -8.869837 -6.228284 -0.623309 1.835751 3.164795 3.583062 -1.114555 -6.675304 -0.058631 -0.17628 -3.657963 14.88762 10.54028 11.76714 -3.293153 -8.626527 -9.75917 -5.536175 -4.32551 -3.254959 -0.907288 -1.343805 -3.058918 -6.382531 -7.675686 -8.45959 -2.539245 4.245834 8.063598 4.89724 -0.850092 -1.783873 -8.730338 -5.945908 0.036389 1.563932 10.70101 9.674074 3.541581 11.88354 0 5.026117 6.365983 9.478497 11.83926 8.388268 6.107755
-9999 -9999 -9999 -9999 -9999 -9999 -9999 -9999 -9999 -9999 -9999 -9999 -3.217033 -4.554639 -3.438071 5.286206 -10.02257 5.627613 2.997119 -1.81225 -0.756617 0.986496 -0.427685 -7.461435 -6.199944 -1.678019 1.915392 12.89889 2.527292 16.96546 -3.014066 -3.85811 -0.155806 0.77527 4.022745 9.153632 9.225917 4.989077 3.417433 3.026405 3.013417 5.282071 2.587407 -6.809013 -12.84387 -11.26872 -2.487381 5.013761 6.994554 1.592466 -9.397614 -6.049235 -3.679687 -5.559835 3.717126 2.185128 6.91238 2.824354 2.305836 4.115623 0.37834 -3.394563 -3.659417 -1.265434
-9999 -9999 -9999 -9999 -9999 -9999 -9999 -9999 -9999 -9999 -9999 -1.512499 -1.693071 -5.045552 -3.023715 3.337869 -11.75071 -0.729471 6.340125 4.172658 -2.776477 -6.089761 -6.595051 -4.468634 -4.299416 6.095295 24.17886 8.390987 10.03184 -0.269296 -2.942297 -0.676371 1.737533 3.783332 2.280814 -2.976975 -7.092327 -6.92448 -4.507161 0.097644 1.267679 -1.533266 -0.642177 3.161177 0.510283 -4.901206 -6.195557 -9.694565 -5.027627 5.486908 -4.501426 -1.144543 -0.470651 -1.602685 -0.178078 1.59588 6.834293 -0.755852 -3.036208 2.372802 7.734902 0.179239 5.204698 4.23745
-9999 -9999 -9999 -9999 -9999 -9999 -9999 -9999 -9999 -9999 -9999 -4.80242 -1.710799 -4.559147 0.39328 2.418044 -8.940552 6.216423 13.30567 0.365435 11.145 13.59161 11.89619 5.159434 8.136164 19.22663 18.29523 2.421 -1.333681 1.562014 -3.812566 -5.788199 -4.804996 -4.088361 -4.07247 -2.255273 1.341591 1.738537 0.303277 -3.491977 -6.09015 -4.722436 -3.716099 -0.528925 4.700238 5.435434 0.73174 1.073373 -8.273749 5.935315 -3.662178 -1.126729 0.666154 -3.055052 2.010097 3.605638 7.218955 3.290811 5.85025 8.609853 17.73107 25.11397 21.70774 11.88216
-9999 -9999 -9999 -9999 -9999 -9999 -9999 -9999 -9999 -9999 -9999 -10.88658 -8.852441 -0.55015 -0.607749 0.098279 -7.090912 -0.041235 4.00015 -4.065516 -6.752859 8.421844 17.66021 1.543073 8.503032 16.43343 3.890394 2.215694 2.020364 -1.268157 -6.25899 0.580711 5.291512 4.291816 1.046064 -2.423959 -1.03277 1.719332 2.968198 3.083705 1.65051 -2.191233 -4.954502 -3.936208 -4.461671 0.137481 1.617869 1.464643 -5.673036 3.727149 -3.483141 -3.57649 2.949411 -7.800812 9.365847 8.515032 1.053789 9.58242 8.676671 4.13307 -0.398712 -1.882148 3.745216 11.73989
-9999 -9999 -9999 -9999 -9999 -9999 -9999 -9999 -9999 -9999 -9999 -7.6232 -18.31295 -3.477493 -0.492863 0.391861 -4.36766 -3.754056 2.190974 5.067496 0.465274 -9.573705 -7.731226 9.486982 2.363632 8.091137 0.567587 -2.193461 -4.605753 -5.718594 -0.575931 3.064391 -1.091426 -6.579525 -5.412093 -0.078999 -1.495268 -6.949172 -8.560637 -7.339356 -3.476477 2.269071 -0.221827 -3.538506 -1.626556 -4.032024 -0.122554 1.742418 -5.73514 3.704596 -5.194713 -3.131098 -0.559677 -4.174385 14.94781 6.908242 17.35795 8.666245 -0.428202 -7.877396 -11.21018 -11.67058 -11.46776 -8.338914
-9999 -9999 -9999 -9999 -9999 -9999 -9999 -9999 -9999 -9999 -9999 -9999 0 -13.8447 -2.429008 2.524786 1.115935 -0.798604 -1.164806 2.845309 2.334285 3.284439 -12.3144 13.55375 11.0147 -0.652159 -7.106939 -6.670119 -0.547226 0.403497 1.702812 -0.086949 -6.58068 -0.496567 3.763388 1.075503 -1.867311 -2.585979 -1.600522 -2.599387 -4.835939 -1.409169 6.404697 -6.606653 0.391857 -5.122975 -3.04742 2.014704 -3.517684 1.711134 -9.089581 1.837107 -9.734761 14.51058 23.59651 30.85145 12.89247 -1.02663 2.064389 4.922946 2.816206 1.737981 0.590716 -2.180718
-9999 -9999 -9999 -9999 -9999 -9999 -9999 -9999 -9999 -9999 -9999 -9999 -9999 -10.12454 -12.25949 0.343059 -3.899397 -2.985918 -2.407586 -0.474148 2.145041 1.566897 -9.946479 16.75486 11.54034 -5.188492 -2.86812 1.771824 0.911383 1.033533 -3.095287 0.93298 -1.790833 -1.510161 -9.108127 -10.29827 -7.50553 -5.119844 -2.224095 -0.497647 -7.487338 -2.497644 4.547273 -8.103879 0.08791 -5.345652 -2.192331 3.006781 -5.257735 0.334219 -10.47776 7.930543 -4.352917 30.30117 31.69922 19.62844 -7.932412 -11.62857 -14.27475 -9.55331 -4.221913 -3.328158 -2.394519 -1.07393
-9999 -9999 -9999 -9999 -9999 -9999 -9999 -9999 -9999 -9999 -9999 -9999 -9999 0.144825 -12.96609 -2.114004 -1.607222 -3.952 -2.207962 0.025456 2.773987 -3.008819 1.040076 -1.222061 0.051803 -2.120512 2.60933 3.915256 3.21001 -0.909291 1.242902 1.85687 0.724215 -0.929915 -0.305521 0.601017 -2.027673 -0.972811 -2.454152 -5.451582 -10.2825 -3.004982 -2.628252 -1.851204 -0.972926 -3.564919 -1.994625 2.053168 -6.499547 1.706392 -4.548656 10.0335 8.536894 27.14673 16.49966 -14.61295 -18.12746 -2.167816 4.992191 3.337023 3.488322 4.811388 1.844969 -2.18809
-9999 -9999 -9999 -9999 -9999 -9999 -9999 -9999 -9999 -9999 -9999 -9999 -9999 -9999 -12.1293 -5.445961 0.003048 -4.188947 -6.800807 3.369147 -2.861094 -1.413941 12.93289 10.55857 -1.652689 6.133228 -0.172189 -4.537381 -4.961497 0.294441 1.171681 0.427068 -4.471778 -3.089954 -11.17083 -6.228724 -2.100302 -6.736331 -11.49127 -6.420959 -0.326182 -1.930938 -1.290982 -0.003937 -4.266177 0.323913 -3.009069 0.888231 -0.606517 -1.151673 3.657717 11.54763 -3.842865 11.95669 -9.388095 -11.6292 1.716867 1.059643 -2.115052 -3.378938 -6.095864 -7.72951 -3.561493 2.098698
-9999 -9999 -9999 -9999 -9999 -9999 -9999 -9999 -9999 -9999 -9999 -9999 -9999 -9999 -7.99354 -6.995574 0.783466 -5.929013 -6.118499 3.655983 -8.065004 5.509462 11.78022 14.01895 4.986627 -0.602498 -8.345506 -0.596349 0.71598 -1.970418 -3.170855 -0.883429 -1.703919 -7.282424 -8.480659 -3.641338 -6.19858 -7.963818 -12.19619 7.978916 3.372967 0.89856 -3.699866 0.204243 1.212269 -1.511458 -3.783089 2.323938 1.748503 -3.334303 13.03973 4.997784 22.16924 -3.923045 -5.14853 1.503909 1.705468 -1.684297 -0.136877 1.612894 0.661306 -1.84474 -5.836229 -2.254276
-9999 -9999 -9999 -9999 -9999 -9999 -9999 -9999 -9999 -9999 -9999 -9999 -9999 -9999 -9999 -4.653997 -0.099776 -7.427413 1.110016 -1.021169 -5.242899 3.985202 7.476698 2.810388 0.741671 -8.100943 0.637564 1.152699 0.582501 0.630387 -1.679551 -6.793152 -11.13123 -11.5156 0 -11.44247 -0.963538 -13.01212 -3.940984 12.31293 -4.832783 -5.974393 -3.620466 5.536977 2.86459 -0.685306 2.81467 5.302253 -4.952294 6.685757 16.70453 19.67937 5.538285 -6.811991 0.440581 -2.151414 -8.651857 -2.837161 1.598123 2.123364 3.912981 3.639832 -1.897649 -9.589849
-9999 -9999 -9999 -9999 -9999 -9999 -9999 -9999 -9999 -9999 -9999 -9999 -9999 -9999 -9999 4.14777 -1.785377 -5.645199 3.906313 -5.680353 -3.654735 1.835082 2.667689 -1.89458 2.705382 -3.257782 1.947703 -1.966445 -3.988032 -8.698454 -8.322358 -6.473057 -8.528098 0 -12.16034 -9.09562 3.706683 -17.10415 5.187612 5.874313 -3.283943 -5.736723 2.048286 4.642513 -3.263908 -1.83384 5.037856 -0.332883 -3.555756 17.42769 9.319874 17.71648 -6.012383 -2.275669 -2.80414 -5.145841 -3.522229 -3.143262 -9.656032 -9.821273 -3.208503 1.262195 5.232009 -15.91958
-9999 -9999 -9999 -9999 -9999 -9999 -9999 -9999 -9999 -9999 -9999 -9999 -9999 -9999 -9999 -9999 -0.515603 -7.258464 -0.704514 0.431734 -6.79125 -14.38438 -12.39387 -3.095265 3.69769 -2.033076 -0.048291 -5.01563 -8.947906 -8.454549 -3.618085 -0.658681 -3.897579 -12.1539 -9.460915 0.263217 0.851171 -15.05799 6.683951 2.766624 -1.77465 -8.042443 7.374017 -0.737161 -1.447333 4.230694 1.568904 -3.017655 9.473976 14.33396 21.27136 3.607277 -4.825424 -1.475247 -2.045532 0.53857 1.720794 3.024337 5.336046 2.418479 -1.608672 -1.170598 2.245275 -12.2527
-9999 -9999 -9999 -9999 -9999 -9999 -9999 -9999 -9999 -9999 -9999 -9999 -9999 -9999 -9999 -9999 -9999 -2.904265 -8.550398 0.193905 -9999 1.183328 -1.452959 -1.614674 -3.896633 -2.878033 -1.20882 -8.811552 -9.627076 -5.156867 -8.254599 -5.953831 -5.090913 -8.130262 -1.966959 -1.709274 -2.536545 -11.45379 6.515097 -0.717412 -1.483705 -7.697372 11.22762 -9.945681 3.712579 5.207189 0.725814 5.598594 14.27517 18.30038 8.641559 -2.699741 -6.044345 -2.70174 2.627053 1.717957 1.451524 -6.681994 -7.76802 -3.04562 -3.472773 4.781608 -5.032635 -4.939699
-9999 -9999 -9999 -9999 -9999 -9999 -9999 -9999 -9999 -9999 -9999 -9999 -9999 -9999 -9999 -9999 -9999 -9999 -9999 -9999 -9999 -9999 -9999 -3.1045 3.434677 5.331872 -4.805482 -9.923192 -6.459943 0 -16.51788 -1.765907 -3.672258 -2.767874 1.685638 1.365977 -6.099195 -8.632334 6.017209 4.192934 -2.177757 -0.690913 6.172359 -10.45914 2.956273 4.791459 3.808815 12.54312 19.70354 11.11024 1.019827 -8.2787 -3.340469 2.571512 1.089947 -2.383467 -5.820901 -10.92178 -5.527318 -7.437732 -8.660144 9.772746 -8.995749 -1.216089
-9999 -9999 -9999 -9999 -9999 -9999 -9999 -9999 -9999 -9999 -9999 -9999 -9999 -9999 -9999 -9999 -9999 -9999 -9999 -9999 -9999 -9999 -9999 -9999 -9.869239 -0.323822 -11.17979 -7.883993 -2.347773 -11.54089 -13.09523 1.623184 -5.458902 -0.842082 -0.605459 -0.972386 0.350526 -1.090894 4.531531 2.827771 -5.139347 3.270915 -1.968473 -5.668811 -0.550265 2.750759 19.5256 24.15456 14.08177 1.040396 -2.947492 -4.39008 1.50526 0.873417 -1.462481 -4.305319 -9.131462 -7.305624 -1.614824 -11.08797 -9.5274 10.2738 -9.795257 -1.033605
-9999 -9999 -9999 -9999 -9999 -9999 -9999 -9999 -9999 -9999 -9999 -9999 -9999 -9999 -9999 -9999 -9999 -9999 -9999 -9999 -9999 -9999 -9999 -9999 -9999 -0.701195 -8.515512 -5.229142 0 -16.07692 -4.036664 -3.171746 0.272812 1.564131 2.969053 -2.063344 -3.512761 2.969676 7.22547 0.623036 -1.917669 1.36102 -6.113759 -4.96562 1.014536 16.54782 20.56497 17.24765 2.763972 -5.721383 -3.389457 0.495971 2.190415 -1.007704 -5.820126 -0.786949 -6.549224 0.203031 -3.884207 -10.19647 -6.346299 6.56866 -7.491564 0.12501
-9999 -9999 -9999 -9999 -9999 -9999 -9999 -9999 -9999 -9999 -9999 -9999 -9999 -9999 -9999 -9999 -9999 -9999 -9999 -9999 -9999 -9999 -9999 -9999 -9999 -9999 -9999 0 -10.22565 -17.28411 3.610662 -0.680433 7.483068 -4.696891 -1.138363 -5.014921 -4.557755 -8.175069 -10.72148 -5.101851 2.260432 -2.929847 -5.782262 -4.763988 18.05974 3.760755 21.34102 -1.768553 -9.535638 -3.994858 3.635971 2.402685 -3.373556 -6.629989 -1.336852 -0.533415 -7.069316 1.375754 -4.605352 -6.647811 -3.487954 3.76452 -5.187977 0.172179
-9999 -9999 -9999 -9999 -9999 -9999 -9999 -9999 -9999 -9999 -9999 -9999 -9999 -9999 -9999 -9999 -9999 -9999 -9999 -9999 -9999 -9999 -9999 -9999 -9999 -9999 -9999 -7.121702 -10.72034 -6.304747 5.973647 0.283584 3.401792 -8.433784 -0.389946 -1.063966 -2.76115 10.08972 12.02809 6.553991 -0.110824 -8.595077 -1.961596 7.223628 19.24337 22.99204 -1.266066 -11.34927 -3.174519 0.225134 -5.158411 -12.38665 -7.536119 -0.676021 4.496869 -5.874987 -1.443836 -1.708005 -5.400047 -2.966797 -2.601958 2.063361 -3.848562 1.633726
-9999 -9999 -9999 -9999 -9999 -9999 -9999 -9999 -9999 -9999 -9999 -9999 -9999 -9999 -9999 -9999 -9999 -9999 -9999 -9999 -9999 -9999 -9999 -9999 -9999 -9999 -6.773183 -8.074322 -6.837742 3.069531 1.350479 0.184331 -2.571293 -1.839103 -3.299723 -3.242339 -4.238865 13.62613 -1.98469 -8.391392 -13.21749 -6.549152 11.71231 18.38354 26.96499 5.005738 -8.829778 -4.196115 -0.294046 -7.133348 -6.081386 0.719653 2.44892 3.59111 0.526319 -7.863278 -0.759273 -5.093373 -4.234143 0.558299 -5.047734 1.751452 -2.995192 0.873312
-9999 -9999 -9999 -9999 -9999 -9999 -9999 -9999 -9999 -9999 -9999 -9999 -9999 -9999 -9999 -9999 -9999 -9999 -9999 -9999 -9999 -9999 -9999 -9999 -9999 -9999 -9.01374 -5.050686 -7.103593 -1.957334 -4.708002 -3.642024 -2.947564 -3.332952 -2.959111 -5.502463 -2.198758 12.30003 -1.186846 6.157743 13.83915 18.18839 14.10305 14.72206 12.7577 -6.855219 -6.774148 1.464753 -3.889682 -1.844774 4.043653 6.448458 6.02971 3.208423 -8.755919 -6.218931 -0.641832 -7.389762 -0.061404 -0.218215 -5.80981 1.919639 -3.26642 1.084373
-9999 -9999 -9999 -9999 -9999 -9999 -9999 -9999 -9999 -9999 -9999 -9999 -9999 -9999 -9999 -9999 -9999 -9999 -9999 -9999 -9999 -9999 -9999 -9999 -9999 -9999 -2.218413 -0.952188 -6.41974 0.70057 -1.862973 -4.789587 -3.189919 -3.26861 -2.943624 -0.164986 -2.479725 6.302472 6.80906 9.539867 2.254506 5.670938 4.987 13.92177 4.692151 -10.43785 -0.086815 0.654475 -3.964881 0.439622 1.556458 -4.147017 -12.69307 -12.40551 -9.609549 -1.721689 -3.918275 -5.785255 3.239905 -6.072571 -1.656714 -0.839799 -2.093844 2.544319
-9999 -9999 -9999 -9999 -9999 -9999 -9999 -9999 -9999 -9999 -9999 -9999 -9999 -9999 -9999 -9999 -9999 -9999 -9999 -9999 -9999 -9999 -9999 -9999 -9999 -9999 4.015173 -3.855796 -10.54182 1.402373 1.61098 0.307449 -5.825381 -6.621272 -1.608924 3.414362 12.58975 5.440817 21.27661 17.46272 9.50766 12.42776 11.10184 19.02712 -5.209102 -3.831824 0.175773 -0.560306 -4.52751 -2.341683 -2.113967 -5.266687 -3.1082 -1.710095 0.163482 -3.515849 -6.866913 -1.858701 2.909793 -11.23282 3.192386 -1.653255 -2.692637 5.264562
-9999 -9999 -9999 -9999 -9999 -9999 -9999 -9999 -9999 -9999 -9999 -9999 -9999 -9999 -9999 -9999 -9999 -9999 -9999 -9999 -9999 -9999 -9999 -9999 -9999 -9999 5.046648 -12.5822 -8.629313 -3.614631 9.837903 -1.5803 7.362937 9.567476 9.294873 6.912381 16.24153 2.079525 -6.918943 -3.68925 -6.65941 -6.746536 5.070439 10.28664 -10.04142 -1.013611 -2.099759 -2.343543 -2.540529 -1.596594 -2.022392 -1.994389 -4.678535 -9.684937 -4.007498 -4.522174 -8.969016 2.193354 2.217973 -12.57967 7.026524 -2.040942 -5.810154 5.877754
-9999 -9999 -9999 -9999 -9999 -9999 -9999 -9999 -9999 -9999 -9999 -9999 -9999 -9999 -9999 -9999 -9999 -9999 -9999 -9999 -9999 -9999 -9999 -9999 -9999 -9999 -9999 -10.19 2.026922 -6.218679 3.318636 7.478358 4.173933 5.558457 8.516679 5.7783 -2.519214 -3.700522 -2.647336 -0.813578 2.794886 2.619039 3.89337 3.342673 0.312304 -5.865919 -2.342997 -1.519404 -0.384984 -4.876894 -1.48035 -1.359893 -8.008866 -1.83932 -8.293128 -4.508783 -9.043448 5.129681 2.149155 -13.65375 7.897942 -3.374105 -9.545076 16.30986
-9999 -9999 -9999 -9999 -9999 -9999 -9999 -9999 -9999 -9999 -9999 -9999 -9999 -9999 -9999 -9999 -9999 -9999 -9999 -9999 -9999 -9999 -9999 -9999 -9999 -9999 -9999 -3.579622 2.585154 -14.28926 -15.43606 -6.548263 0.394694 -2.271346 -6.772871 -6.466972 -3.76309 -2.390906 -4.996635 -6.070456 -3.340201 -0.609796 -3.275403 27.9183 10.99521 -8.154498 -3.803622 3.283733 -2.77849 -6.908231 1.390219 -2.581769 -5.578643 0.283575 -7.838253 -2.27586 -9.18121 4.856571 2.067123 -12.6986 7.129804 -5.230015 -6.166663 16.61804
