data/asc/profc_90.asc
ncols         104
nrows         124
xllcorner     437168.40625
yllcorner     5417446.5
cellsize      90
NODATA_value  -9999
[rows 56 to 83 of 124, columns 0 to 63 of 104]
-9999 -9999 -9999 -9999 -9999 -6.645703 0.584358 4.477413 -3.294759 -2.189468 0.467291 -8.699776 -6.84288 10.13361 14.38627 14.81795 2.253622 0.606952 -2.049282 0.761446 7.891087 0.212337 -1.240618 2.87986 -0.186955 -8.610734 -3.211155 0.330214 -1.050988 -4.765619 -4.311378 6.229577 -12.54327 -2.369077 16.45471 23.50637 -1.658592 -5.565949 -5.599512 0.325185 -7.618211 -5.308441 -12.95292 4.272856 1.788837 2.378267 5.230195 3.982835 1.474118 0.075895 -6.002343 -8.842239 -13.31116 -9.389616 -4.895106 -10.22848 -11.99531 -0.547094 -0.582255 17.98071 5.56381 -12.51891 -12.87779 -4.817294
-9999 -9999 -9999 -9999 10.68362 1.962456 8.67961 3.519128 -5.624282 -4.102007 -0.797551 -13.07862 7.700249 22.62244 21.23878 8.950472 -10.42797 -5.493056 -2.580486 6.116094 9.937456 5.22511 -2.803133 0.392003 -4.773006 -5.586966 -2.566664 -5.858944 -5.845612 -4.215145 -5.923226 5.466118 2.422843 -13.36441 4.561112 2.588439 -8.391212 -6.999235 -1.897513 0.81833 -8.196678 -7.764473 -16.35663 -13.12321 -8.580544 -12.54979 -19.11514 -15.65328 -2.257576 -17.47071 -9.868915 0.375441 -7.417672 0 0 -15.81193 -1.433494 -1.596393 -25.48235 -29.61742 -9.591464 0.708079 1.513264 1.921585
-9999 -9999 -9999 -9999 2.235767 1.203687 1.600291 -4.403371 -8.175675 -2.120462 -7.592875 1.03522 27.14606 18.55464 6.800554 7.097063 -12.29626 -2.833755 0.972999 2.947776 2.412944 1.9844 -4.601631 2.202455 -6.094083 -2.358001 -7.357939 -6.911345 -6.858637 -12.76517 -9.315385 -3.316529 8.887597 -8.754005 -9.934874 -15.99916 -10.12514 1.619864 9.663513 -1.659576 -8.927127 -6.476819 0 -11.34086 -6.406255 -11.49007 -2.857509 -15.17843 8.053171 -15.5094 -8.489767 -6.691064 -9.759805 -11.18294 -9.237227 -16.35497 -13.52161 -1.955728 8.443393 2.254148 -3.226107 -1.732642 -1.845674 -4.155951
-9999 -9999 -9999 -25.49168 14.36472 -3.416429 1.126038 -3.929826 -3.992138 -3.08047 -2.055471 28.28067 21.9609 6.873127 2.186434 -1.412654 -1.605012 -1.078814 0.54216 -6.384165 -5.973537 -2.354705 0.97159 1.482506 -4.549699 -3.804411 -10.75206 -3.916535 -3.539652 -14.55082 -5.705153 -4.944966 -0.292038 1.0225 0.694818 5.287046 3.881766 -1.411158 -15.00044 -19.21972 -9.275594 -5.115748 0 -6.088756 1.516795 -5.949904 -9.547163 -8.318456 3.498457 -1.901999 0.160936 -3.446599 -4.44834 -7.667485 -10.11428 -1.706728 -11.28267 -18.45889 -14.31977 -7.635819 -9.826754 -8.733161 -4.319714 -3.620428
-9999 -9999 -9999 -30.51861 11.81665 -6.139266 3.390328 -3.492693 2.399263 -6.080118 17.64397 24.95691 6.092338 -5.72485 -0.201679 6.386547 4.819022 -1.067791 -1.013234 0.089366 -1.338836 -0.111586 1.858657 -4.050135 -8.339479 -2.125017 -11.23607 -2.47822 0 -14.2548 -11.79438 2.747901 -8.482173 -8.541416 -11.87861 -21.21502 -24.01731 -16.39432 -11.5631 -8.870868 -6.2184 0 -8.176261 -12.39448 -11.55587 -17.6634 -12.12179 -2.590603 -2.561241 -0.060183 0.948597 -3.286499 2.919858 2.874752 -4.674183 -11.07673 -5.880981 0 -10.73792 -10.29622 -7.004452 -4.99989 1.080164 -0.516054
-9999 -9999 -9999 -15.95728 5.35744 -6.68793 3.558372 -3.373685 6.068121 -1.050544 -1.018922 6.253459 -8.262214 0.524294 4.407113 4.75759 -0.233437 -8.234838 1.59873 1.644251 -2.000108 -5.864035 -6.180417 -7.877161 -7.63664 -9.31597 -10.51521 -3.675252 -6.346943 0 -19.36751 -0.029392 -5.9281 -8.877289 -9.488021 -8.718046 0 -0.091985 -5.045435 -8.459415 -7.695374 -5.396172 -10.35481 -12.53271 -3.911385 0.686089 2.851349 3.719804 1.349959 -12.66757 -6.437852 -3.701514 -14.37219 -3.638411 -0.800535 -6.955836 -15.24352 -9.660794 -2.671709 0 -5.39725 -6.557353 -0.206276 0.044367
-9999 -9999 -17.73009 -4.606638 3.753118 -4.79368 2.259109 -3.949215 6.721698 11.30246 19.65211 -2.675277 4.373052 1.13289 -8.091675 -12.93002 -8.689564 1.815251 4.062487 0.386131 -1.796198 3.719666 1.255902 -5.584426 -7.640341 0 -19.81441 -18.75789 -16.79358 -18.79573 -10.98284 3.17346 1.551428 -0.155426 -2.210694 -6.930737 -9.930511 -5.136102 -8.831081 -9.79249 -5.510925 -3.047553 -10.30357 -7.738096 2.702517 4.966563 6.691287 3.617683 -4.473998 -5.127056 10.15314 9.830539 -3.059056 -6.320542 -9.116582 3.415344 0.767916 -8.319236 -10.5394 0 -2.795203 -8.37376 -3.842113 -0.561235
-9999 -9999 -18.03834 3.733302 0.461168 -3.070905 0.917081 -3.446908 11.25686 9.03746 7.855476 0.469454 -4.993714 -7.074261 -2.582418 1.736149 2.217211 4.273909 -1.038953 -2.951469 -5.692346 -7.093467 -9.870521 -9.976447 0.012482 -15.64539 -2.006116 5.131916 -1.453225 -9.642605 -8.421526 -9.125452 -10.23529 -8.192446 -8.766022 -10.12159 -8.321365 -0.350335 -1.341395 -3.110203 -10.17854 -4.56188 -9.109037 -3.652931 -1.145286 -1.318484 -12.63723 -11.56368 -6.671621 -1.54975 3.061378 9.963122 -2.532402 3.698119 -2.245946 -3.579181 -2.828113 -1.038067 -9.843735 -5.605735 -6.901045 -7.566818 -3.143204 0.920848
-9999 -9999 -13.13239 2.23104 -3.345106 0.287636 -1.234232 0.447752 10.81609 20.7875 -0.293621 -9.588129 -4.116215 1.746529 3.42643 4.564785 -2.013909 -8.672548 -1.829589 1.510936 -6.04892 -3.325345 -5.442856 -4.772357 -5.862634 -16.96141 3.333536 -2.725479 6.264771 6.066715 6.102516 5.073622 2.095836 -3.273765 -5.074175 -0.39527 -0.825162 2.703832 -3.502219 2.282096 -2.249161 -0.150014 1.068761 -9.282608 -5.043185 6.81877 10.00343 3.998465 0.5284 -6.456249 4.003625 4.20189 -3.288251 0.335243 2.67036 -1.666718 -6.024476 -6.018124 -3.403767 -7.121944 -7.40845 -2.737917 0.473366 -4.471495
-9999 -9999 -9999 1.829105 -1.089752 0.033689 -1.592595 1.121979 7.525044 12.74378 -9.756422 -6.132983 4.125593 4.066711 2.212047 -3.162925 -5.457847 2.323434 0.188278 -10.15386 -15.14419 -0.717362 -8.96319 0 -10.94562 -12.36797 -2.054478 6.465418 1.000857 0.080117 -6.939388 -6.634206 -4.148404 0.566708 3.234618 2.758049 -3.588925 -1.126056 -5.397553 0.660883 -1.731684 -3.507992 1.999717 -14.66493 -7.264565 2.083334 3.20477 -0.520499 -5.426678 -0.876428 12.9678 7.16873 -8.35121 -8.077714 2.132735 1.618618 3.07379 -11.59824 -2.723372 -2.670552 -0.862531 0.164745 0.368144 -7.802247
-9999 -9999 -9999 7.213702 -1.077856 -2.834844 -5.833312 5.495133 4.879617 -7.566864 -7.32232 3.337471 4.38061 -2.562863 -6.130279 -3.098582 -1.367765 -7.571049 -18.3906 -13.54981 -6.100858 -2.543004 -9.930532 -5.730831 -15.50876 -2.507293 0.303743 -3.379907 2.731749 2.013545 -4.03385 2.043078 4.292247 2.711706 -0.072148 -3.454633 -6.206482 1.477486 -5.218403 -6.345654 1.801917 -4.988096 -0.68379 -10.88307 -5.36568 -3.698082 9.233161 -5.253635 7.537808 1.796229 8.367555 8.158443 1.392395 0.950793 -3.340189 -3.820572 5.735902 -5.261084 -5.454507 -3.977323 -4.028982 1.062397 0.204052 -6.083242
-9999 -9999 -9999 -39.27309 -3.810204 -2.731035 -7.703569 8.564809 8.702699 -10.87278 1.097773 0.296733 -4.033812 -5.630101 0.769676 -2.053465 -6.7949 -6.904632 -3.558143 -10.80981 -8.327608 -7.454681 -12.3535 -10.67591 -8.840794 6.647536 -7.524329 -6.180849 3.644688 5.759392 12.2062 -7.326799 -6.137952 -2.445609 0.465966 2.01113 -1.052971 1.74735 3.695474 -7.608158 -4.233818 -1.138375 0.988242 -4.594097 -10.30291 -2.299377 0.861155 3.315544 3.220989 -2.213012 4.12059 4.648806 -0.718964 -2.627843 3.66556 -6.502397 1.240888 -1.079845 -1.352356 -4.175105 3.166151 1.649295 -6.581811 -2.096079
-9999 -9999 -9999 -9999 1.493824 0.463368 -5.648547 1.366091 0.945209 -0.565499 -1.434506 -2.316547 -3.33446 -2.273113 -0.944865 -9.712983 -12.11766 -1.835449 -10.91921 -4.849297 -1.60298 3.585281 -4.111165 -9.399249 1.314427 4.448287 -12.75996 -2.407681 -2.785764 9.190583 -1.700964 9.527499 -4.428687 -6.025167 -5.005842 -1.111739 -3.926563 11.49374 2.759576 0.916586 -6.39714 -5.946232 -5.118129 -0.243769 -14.05945 -2.862636 1.777319 -8.102787 10.414 -4.673156 16.26291 10.12401 -2.240769 1.211813 2.714662 -2.5581 -0.923953 0.082736 0.984261 -6.235555 -6.658686 -9.853287 -10.42973 -7.176585
-9999 -9999 -9999 -9999 0.523728 -0.415157 -8.218225 10.70319 9.430449 2.065449 -0.615085 -1.116536 -4.189811 -2.76487 -4.286063 -13.41472 0 -7.767263 -11.35126 -3.249546 -0.317667 -2.343912 7.303879 0.068471 -2.740664 2.230173 -12.2021 -3.866175 -6.133101 -1.139595 14.55241 -3.788188 12.04305 -0.82214 -1.647439 -1.223402 -6.908337 -1.467805 -5.971234 1.001516 -7.550259 -6.224453 -10.28732 0.043583 -13.02427 -0.728035 -1.346331 -8.783527 2.497468 -8.652649 28.61561 18.94644 4.090576 -3.750191 -0.052065 2.667054 -4.435909 1.739476 4.196877 3.228468 -0.117528 1.082974 1.882063 0.785824
-9999 -9999 -9999 -9999 3.734977 2.466492 -6.320878 13.09005 11.3895 -4.211317 -4.790805 -7.828938 -5.647782 -2.164062 -7.330901 -4.199918 -10.28112 -7.99826 -10.40023 0.410843 -1.441544 -4.28007 0.970405 -6.243208 -8.586411 -11.7312 -0.49188 -10.64107 -6.534595 -0.791693 -3.519444 10.73622 5.716289 15.94771 3.44178 -7.357498 -1.422988 0.400514 -0.676031 2.824924 -1.220005 0.34213 -8.988062 -14.44318 -6.524659 -0.127761 -2.51047 -6.559102 -2.648991 -6.609981 15.47321 4.524458 3.419585 -3.721178 -2.749431 1.713483 -7.500615 -1.202097 2.831553 4.733749 2.966262 0.807149 0.173194 -11.19337
-9999 -9999 -9999 -9999 -9.265568 -5.830594 -14.82558 -0.662793 -3.975743 -9.794603 -5.213131 -1.83094 -2.413935 -6.442479 -7.047348 -12.44753 -8.123604 -5.417277 -4.731457 0.253433 -1.83587 -12.8273 0.942726 -2.577264 -0.257591 -5.071142 -9.859798 -5.38508 -13.53605 -3.219751 -2.635443 0.474243 0.64334 21.94789 0.857004 8.315055 2.264484 -1.598498 6.772584 -0.009467 -0.916306 2.857641 0.793817 -0.52306 2.392028 -1.511152 -3.432466 -6.102459 -3.151854 -4.601787 1.833058 9.034083 5.392231 -2.763332 -2.944518 -0.731979 -1.254593 -8.850084 -0.66341 0.741933 -0.210012 -3.062889 0.160832 -18.44314
-9999 -9999 -9999 6.019712 4.527212 3.348877 -7.442778 -15.00709 -11.37628 -2.829859 0.739181 -0.412627 -6.133978 -4.668223 -15.61368 -9.52599 -4.838507 -3.340539 -0.654064 -0.477922 -1.945149 -20.22959 10.77659 1.466346 -7.221005 -3.735942 -10.89276 -5.19523 -7.466766 -12.98473 -6.586198 -1.194742 -8.547046 -6.775539 21.95223 -0.661172 12.42111 1.923827 -2.246011 1.160154 -6.456378 -2.128713 2.448225 1.771842 -4.89487 -4.911786 -3.856266 -5.256451 -0.307328 -8.551157 -2.165878 28.31131 13.45453 -2.322306 -6.668075 -2.520684 0.354529 -4.886106 -4.290172 -3.876291 -3.146432 0.102922 -0.85124 -17.68418
-9999 -9999 -9999 -14.22737 -6.474659 0.02903 10.2479 0 3.598365 2.41583 1.031498 -10.82877 -11.57813 -17.54966 -13.08808 -8.485749 -0.21876 -1.458787 -4.246294 -0.020359 -1.434631 -17.58271 24.86659 20.63134 -3.20576 4.861312 -5.718398 -9.776547 -5.119661 -4.023701 -10.67252 4.55035 -8.347063 -10.77259 1.378733 6.6274 20.46477 16.45345 -2.307832 -0.761852 0.488542 -1.878433 -2.325791 1.059479 2.681081 1.71253 -5.359186 -3.332676 0.122772 -12.17835 1.028513 31.88757 14.82475 1.612003 -5.866987 -0.012036 -1.616758 -2.020056 -0.774484 1.309398 0.70089 -1.477308 -7.389404 -10.42252
-9999 -9999 -9999 -9999 -9999 -9999 -9999 -9999 -9999 -9999 -9999 -9999 -9999 -25.71442 2.397109 -0.28154 8.11062 0.891686 -0.270634 1.547252 -3.709459 -4.069077 11.59738 17.28625 -7.929172 -2.934452 2.091947 -5.388879 -11.38982 -7.510798 -5.251506 7.958743 -8.922122 -10.01302 -4.408746 0.498604 6.9144 20.37065 24.73499 4.642106 -7.153904 -1.288158 -4.25732 -7.776263 -9.665933 -10.63885 -4.751577 0.95057 0.267881 -11.56118 3.293451 25.98113 10.16607 1.509699 -2.030319 -4.271385 1.329813 -2.204903 -4.380306 -1.722377 0.592451 -0.787094 -1.796664 -3.356367
-9999 -9999 -9999 -9999 -9999 -9999 -9999 -9999 -9999 -9999 -9999 -9999 0 -22.30159 7.020786 -4.569266 0.140341 -14.55204 -5.379916 -3.344487 -1.745124 4.767707 -0.634412 1.508069 4.822182 -4.559211 -9.459896 4.407856 4.100739 0.955195 0.494232 4.618029 -5.220226 -3.635198 -8.728886 2.984349 -5.863707 10.13438 -4.759276 10.43155 -8.853528 -5.278855 2.71896 4.159855 -0.615903 -4.972023 -5.120722 0.91298 -5.299657 -6.220863 1.496191 29.3008 13.73904 -1.813119 2.001856 -4.623334 0.51231 2.399521 -0.818867 -3.224566 -3.940658 -0.940204 0.210884 -0.939361
-9999 -9999 -9999 -9999 -9999 -9999 -9999 -9999 -9999 -9999 -9999 -9999 -9999 -19.77125 2.825705 -1.88423 -1.35505 -0.674447 10.15801 8.014926 1.810301 0.211557 3.020316 2.882239 10.4958 10.00815 -0.718043 -9.4893 -10.0515 -4.373077 -1.829731 -1.378565 -5.370611 -3.594481 -4.614284 4.762076 -7.615775 2.737819 16.24199 22.63439 6.559328 -6.489933 -9.424143 -6.140457 -2.754766 -0.281921 1.312754 -3.121816 -11.17879 2.351262 1.080561 25.67628 14.61886 -7.601089 2.759077 0.177072 -2.347179 -0.293744 1.195865 1.848033 1.410336 0.544149 -0.097251 2.115908
-9999 -9999 -9999 -9999 -9999 -9999 -9999 -9999 -9999 -9999 -9999 -9999 -9999 -24.57832 -4.767188 7.621059 -7.330384 5.400391 11.72083 18.09878 1.180596 -1.141807 1.595234 5.665005 1.547542 1.332586 -1.126521 7.704194 2.2989 -8.364087 -10.70214 -9.186253 -5.807613 -3.456445 -0.259795 1.092407 -6.381582 3.68411 9.736953 -2.940813 9.974018 -0.779381 0.075411 -9.954203 -8.254853 -1.67356 -2.448385 -2.928416 4.82232 9.106566 1.072961 14.99009 13.21306 -14.12314 2.84512 0.09196 1.426224 -2.499602 -2.001493 1.630903 0.791795 0.516632 2.515067 1.72833
-9999 -9999 -9999 -9999 -9999 -9999 -9999 -9999 -9999 -9999 -9999 -9999 -9999 -19.5132 -16.83666 5.197901 -14.3414 -9.869192 -3.068243 4.090175 8.578446 8.296424 12.87762 15.74143 0.339453 15.82135 -7.810233 -6.513555 9.995244 11.96512 10.16332 5.997756 -0.536027 -1.733157 0.0745 3.471804 -3.982193 2.336277 4.845174 0.149537 6.549006 2.273546 -6.700769 3.035417 6.894961 2.445113 2.925246 5.172634 3.251834 0.311378 -2.512364 0.856063 9.521502 -14.85962 0.660768 -1.337387 -0.828548 -1.807018 -7.878294 -9.797967 -7.101476 -6.347663 -7.890944 -12.57191
-9999 -9999 -9999 -9999 -9999 -9999 -9999 -9999 -9999 -9999 -9999 -9999 -9999 -9999 -15.64913 -9.380114 2.148678 -6.319618 -12.21383 -8.329949 -11.19766 -4.947445 0.976536 7.300963 -1.332461 19.70967 26.30881 -4.721482 -13.98847 -5.876332 -2.622197 -3.099428 -3.230687 -3.539698 -5.997801 -9.453541 -9.483041 1.429601 5.150779 5.083137 6.315477 16.5989 19.48818 18.85466 17.17443 14.65561 11.9706 8.717634 5.004324 4.500372 6.586438 2.724263 10.169 -12.61576 -19.55816 -13.11886 -6.726598 -3.89813 -4.66302 -6.053925 -9.710608 -12.57841 -15.00859 -12.44594
-9999 -9999 -9999 -9999 -9999 -9999 -9999 -9999 -9999 -9999 -9999 -9999 -9999 -9999 -9999 -4.773302 -3.357562 -7.966377 -6.518134 -2.797483 -4.384161 -6.677895 -4.165489 10.42187 -6.693856 7.454808 18.2419 20.26564 -1.834694 -6.316069 -7.786171 -9.700837 -6.926219 2.054074 7.228361 5.668844 5.031389 10.64086 12.49902 7.539698 1.442361 -1.617623 0.835096 3.69845 2.087202 -0.003979 -2.385788 -1.85891 2.072509 6.46035 5.339561 3.479208 15.84536 13.61963 7.670154 -3.75571 -18.88268 -20.41069 -12.87128 -5.394399 0.13168 4.721611 8.328835 8.393488
-9999 -9999 -9999 -9999 -9999 -9999 -9999 -9999 -9999 -9999 -9999 -9999 -9999 -9999 -9999 4.81479 1.271457 -4.133382 -2.314763 -1.472242 -6.54902 -2.695037 -10.85326 4.829481 1.418191 -6.07671 7.339261 13.79411 14.99357 1.494258 1.985968 5.889146 8.557317 7.314233 5.587859 11.83241 18.83468 12.8875 10.24846 9.1078 7.896454 7.947573 8.313225 8.934712 6.803258 -0.652674 2.710423 6.73915 8.032022 5.976727 1.884857 1.153252 4.835294 13.05567 9.613856 9.679422 15.32488 8.535102 -3.987838 -8.976133 -0.909959 0.989924 -0.497123 -1.258707
-9999 -9999 -9999 -9999 -9999 -9999 -9999 -9999 -9999 -9999 -9999 -9999 -9999 -9999 -9999 -10.02241 -12.82597 -8.571364 -2.10066 -1.208608 -5.012283 -0.320642 -5.686462 0.964104 2.319427 -2.929584 0.346096 0.963706 11.06078 11.93874 9.712553 10.60673 14.62202 17.82598 3.582348 13.69277 23.88078 16.22192 10.05832 8.438822 5.722463 4.933708 7.484694 11.05794 12.79982 15.44276 19.04711 25.05318 24.59171 16.1495 11.3251 5.709251 4.340087 0.572195 14.44294 13.42253 13.18448 20.6963 20.75044 5.316402 -7.98838 -3.684277 -3.579882 -3.529055
-9999 -9999 -9999 -9999 -9999 -9999 -9999 -9999 -9999 -9999 -9999 -9999 -9999 -9999 -2.697865 -1.895556 4.096377 4.07233 -0.258374 -4.376258 -1.704961 -2.488948 0.471749 1.039675 -1.1032 2.540829 1.67549 -9.853703 8.455555 6.883758 12.94784 0 27.67799 26.59845 18.53454 6.265493 -3.062991 0.773374 8.077669 6.699271 4.830709 2.606332 0.643879 -1.577117 -0.055744 -3.518272 -10.93673 -19.21319 -6.780335 11.10685 10.22716 8.73424 11.60267 2.604204 2.734563 2.683936 2.706758 0.498413 8.243598 15.37418 3.389854 -7.14839 -8.319859 -1.752723
