data/asc/profc_90.asc
ncols         104
nrows         124
xllcorner     437168.40625
yllcorner     5417446.5
cellsize      90
NODATA_value  -9999
[rows 28 to 55 of 124, columns 0 to 63 of 104]
-9999 -9999 -9999 -9999 -9999 -9999 -9999 -9999 -9999 -9999 -9999 -9999 -9999 -9999 -9999 -9999 -9999 -9999 1.322885 1.411313 -0.632857 -1.796799 -1.862673 0.669129 0.297479 -5.66565 -0.400347 -5.231295 -4.885878 2.207544 -5.436959 6.153336 -3.696727 7.872286 5.328378 -6.843482 -2.03303 -4.062271 -2.718159 -1.270638 -2.716923 -1.651947 -2.829355 -1.919705 -3.313494 -0.257955 2.630067 0.230581 -1.640297 -2.229991 1.431475 2.782477 4.37585 5.021998 0.844458 -5.371323 -6.447685 -2.919656 7.37825 8.109918 5.894054 2.282166 4.929788 0.508237
-9999 -9999 -9999 -9999 -9999 -9999 -9999 -9999 -9999 -9999 -9999 -9999 -9999 -9999 -9999 -9999 -9999 -9999 2.049465 1.723873 0.115886 -0.508162 1.772808 1.595896 0.496612 -6.635211 4.133033 -11.30193 -1.863872 -1.454605 -3.566446 0.474472 -0.998468 19.21543 21.02094 -2.919426 -2.294688 -2.006354 -2.729555 -1.921495 0.361038 -4.202144 -1.005562 9.916067 3.369417 -4.184188 -4.540966 -4.255815 -2.48928 0.176129 3.109715 2.183771 1.63055 0.187919 -1.725737 -1.834366 7.744353 11.42804 8.460412 -3.754602 -10.47066 -2.703196 8.499468 9.850088
-9999 -9999 -9999 -9999 -9999 -9999 -9999 -9999 -9999 -9999 -9999 -9999 -9999 -9999 -9999 -9999 -9999 -9999 3.280625 1.386625 1.828694 -1.342677 -0.342137 2.607218 -1.865558 -6.895683 2.207959 6.061865 2.152483 3.445589 2.089201 -5.956821 -2.153312 7.494428 0.607562 7.275805 -8.335298 0.10021 2.63014 5.238964 2.015848 -6.611371 -3.746619 6.397955 3.838849 1.505448 2.04025 3.451844 4.16484 1.180534 -1.453691 -1.475606 0.565475 -0.344519 -1.294057 0.302719 5.643137 4.655564 0.445184 -16.95319 0.663129 11.84514 6.826817 3.519536
-9999 -9999 -9999 -9999 -9999 -9999 -9999 -9999 -9999 -9999 -9999 -9999 -9999 -9999 -9999 -9999 -9999 -9999 -3.611625 0.791137 2.542082 3.352081 1.266086 2.428236 -11.26576 -0.407417 -0.077928 -9.708173 -13.52126 -0.576682 2.344681 -2.509046 -6.35727 1.592376 8.889672 8.244647 2.22997 -9.423264 -7.838193 -4.791081 -5.030514 -8.171262 2.218826 5.257681 3.037084 -8.088491 -3.439943 -0.566131 0.026355 -2.761462 -0.064 -2.176799 -8.673644 -7.760299 -7.396421 0.94741 -6.192183 -15.66812 -27.32567 -10.93578 12.85774 10.15209 4.279282 3.432726
-9999 -9999 -9999 -9999 -9999 -9999 -9999 -9999 -9999 -9999 -9999 -9999 -9999 -9999 -9999 -9999 -9999 4.701959 0.81669 -1.886565 -2.135576 0.713819 2.622634 10.88079 -6.688191 -15.85709 -24.65127 -28.13212 -9.881856 -2.180921 0.302678 3.104787 -10.11187 5.457195 -7.72913 24.03036 16.23566 0.972232 0.465484 1.789224 -0.789265 -1.488249 2.349971 2.744515 6.965468 0.945108 0.847122 -0.846883 -2.008655 -4.345389 -3.008318 -3.329394 3.708856 6.32208 7.991728 -9999 5.394365 17.92811 23.58915 26.77464 15.07981 0 1.100211 0
-9999 -9999 -9999 -9999 -9999 -9999 -9999 -9999 -9999 -9999 -9999 -9999 -9999 -9999 -9999 0.616737 -1.680932 4.153024 2.913368 2.235209 2.913863 1.780416 0.4365 10.66319 28.46475 20.34846 -27.72745 -50 -8.781658 -15.41924 8.326567 1.325461 -3.168616 4.896106 -11.57713 15.07395 4.20087 0.632357 -8.515872 -6.403351 -1.751201 -1.41163 3.664926 -1.709347 -2.563899 -2.552643 5.924417 -1.079872 -7.803612 -12.65675 -3.166868 7.160203 8.415259 4.877253 3.337595 -9999 6.189873 2.560036 1.019402 2.566121 0 0 4.319971 6.288376
-9999 -9999 -9999 -9999 -9999 -9999 -9999 -9999 -9999 -9999 -9999 -9999 -9999 -6.267141 -3.192127 3.323554 -2.370789 2.558377 0.501063 -1.713657 -0.971972 3.602271 5.252495 7.589595 3.914398 27.10311 40.61773 38.53168 13.55164 6.340265 7.260062 -4.355513 5.649741 1.307873 -7.915393 1.181653 7.274082 7.474056 2.235026 -0.853854 -2.633585 -1.886587 -3.565307 -8.783075 0.772919 -6.691125 -27.39254 -16.78064 0.853337 11.76326 17.67704 -9999 -9999 -9999 -9999 -9999 2.312841 2.996258 -0.474056 4.209199 11.10852 13.03254 7.367818 7.026177
-9999 -9999 -9999 -9999 -9999 -9999 -9999 -9999 -9999 -9999 -9999 -9999 0 -3.055431 -4.374876 -0.497474 -3.863807 1.037944 3.737611 2.355524 -0.36232 -1.36102 -1.058519 3.948261 14.45033 2.83671 31.41329 22.71418 13.51308 -3.127303 2.963071 8.167665 4.812005 -1.336779 -2.64829 -8.242882 19.22909 7.700908 0.346533 5.102092 -0.687562 -8.990644 -11.51981 2.262544 2.359014 11.4403 21.68106 24.99016 16.78983 11.3666 -9999 -9999 -9999 -9999 -9999 -9999 -2.352154 2.744174 3.647714 5.978032 6.130435 9.835661 17.01576 17.69483
-9999 -9999 -9999 -9999 -9999 -9999 -9999 -9999 -9999 -9999 -9999 -9999 -8.668892 -2.645062 -0.854403 0.612318 -0.531509 -5.613762 -4.957005 -1.107921 0.665907 -6.871102 -2.416657 2.867306 6.015636 5.158297 13.10706 -1.018998 24.49685 26.01538 18.53331 1.631752 -1.556983 0.45736 2.505435 -4.912498 12.98212 0.23571 -5.360916 -17.72102 -10.16984 4.447853 19.35641 24.12654 15.05525 10.16026 7.590879 -9999 -9999 -9999 -9999 -9999 -9999 -9999 -9999 -9999 1.920922 10.82362 24.64851 29.80459 29.44126 19.69816 6.948103 -1.604447
-9999 -9999 -9999 -9999 -9999 -9999 -9999 -9999 -9999 -9999 -9999 -9999 -9999 -3.052927 -0.207851 -3.237295 -1.752923 -1.831643 -4.521582 -7.396773 7.065904 -10.15714 -19.35323 -21.8632 6.343936 -0.584081 -3.206356 10.43948 -4.388353 -6.038687 -13.55935 -9.215961 1.607181 3.286097 -0.908192 -2.101976 5.794456 7.747538 20.24236 23.02077 21.32083 22.03403 14.17997 5.562063 0 -9999 -9999 -9999 -9999 -9999 -9999 -9999 -9999 -9999 -9999 18.83146 10.07274 15.18855 11.43136 -12.38678 -29.50289 -29.50448 -22.71627 -12.47865
-9999 -9999 -9999 -9999 -9999 -9999 -9999 -9999 -9999 -9999 -9999 -9999 -9999 -5.353456 -0.16165 -3.378116 -0.365597 -4.216894 -4.002101 -7.731605 -1.861506 -30.78903 -47.20887 -30.06941 -0.621168 -0.154318 -6.149512 4.460892 9.375829 2.734569 6.991258 7.322598 1.628958 -6.029649 -0.225349 -0.244238 9.096181 9.763651 2.806048 2.502332 4.076704 15.14927 11.3435 10.4796 8.201966 6.09583 4.240874 -9999 -9999 -9999 -9999 26.5099 18.50015 1.580896 -2.715218 7.173858 17.35891 9.492623 -16.93504 -17.63012 -5.686964 -0.635849 -1.798675 -1.672687
-9999 -9999 -9999 -9999 -9999 -9999 -9999 -9999 -9999 -9999 -9999 -9999 -9999 -5.155375 -3.430604 -1.906125 -13.35563 -5.977949 -6.458857 -9.645893 -2.267574 4.562481 16.91167 16.01728 6.529309 4.115303 2.941012 3.326476 10.83493 -2.228633 0.856479 2.338282 3.631888 8.607293 7.761581 6.168875 18.11895 7.126684 1.634569 4.429677 4.788141 1.315758 4.057787 9.475595 14.38833 16.61927 14.27591 7.208122 8.594943 20.24935 10.86507 -11.61671 -16.24602 -8.056075 -4.237949 -10.49648 -6.701598 -5.248115 -16.72263 -2.676966 -0.319134 -1.293142 1.957999 1.339445
-9999 -9999 -9999 -9999 -9999 -9999 -9999 -9999 -9999 -9999 -9999 -9999 -9999 -13.54362 -8.163666 -6.458279 -11.79828 -2.480155 -6.320422 2.611647 3.04909 0.248131 -3.759587 -0.659603 1.202012 4.693475 3.925793 0.252575 3.518401 -0.80032 1.504185 1.640228 4.09615 5.236077 1.540556 14.94267 8.561019 13.99125 15.15211 14.9818 8.637969 4.125185 0.477487 -2.647389 -4.206056 -2.84972 2.19653 2.19381 7.989671 6.782469 -11.38401 -4.253441 1.701696 -1.197311 -4.421912 -1.469597 4.627264 9.394117 1.160404 3.078967 3.686274 1.17402 0.812889 -2.821578
-9999 -9999 -9999 -9999 -9999 -9999 -9999 -9999 -9999 -9999 -9999 -9999 -9999 -15.80201 1.183674 -1.782053 -3.397964 1.167868 0.8874 1.547826 0.511017 2.033499 -2.930254 5.434605 6.029758 9.932041 4.679382 -3.464748 -4.979751 4.052164 1.425957 -0.996897 2.140032 1.374166 6.541321 27.55641 18.45359 10.23849 3.480701 0.842042 0.640683 4.251851 7.497266 7.39308 5.265405 2.02219 5.196233 9.728031 11.13142 -2.311369 -0.161012 0.847197 -6.92955 -6.389208 -2.518762 -9.177181 -10.67116 -10.75914 -14.25838 -8.802959 -0.215432 -2.730021 -6.574529 -7.248662
-9999 -9999 -9999 -9999 -9999 -9999 -9999 -9999 -9999 -9999 -9999 -9999 -9999 -12.13116 1.000153 -6.369497 -1.635572 1.122757 -4.204629 -5.050289 -1.140309 -1.449618 -1.266812 -0.174924 -1.256176 -3.629684 -15.18141 -12.47924 1.981857 4.509162 -1.628681 2.257231 9.820118 6.233775 21.31894 25.62083 -4.553191 -4.102603 3.178998 3.844207 3.792371 4.118083 0.460399 -2.012382 1.702445 4.002581 3.224456 10.84139 13.04795 -2.927528 0.910935 -9.038808 -3.627413 1.782833 4.511577 4.8643 0.833772 0.611413 1.519171 5.298779 2.945998 2.208281 4.99414 3.443054
-9999 -9999 -9999 -9999 -9999 -9999 -9999 -9999 -9999 -9999 -9999 -9999 -9999 -11.45513 -6.57892 -1.664825 -1.769305 2.132233 -6.364452 4.699508 3.955259 -5.053563 -3.850886 -1.376093 -7.40847 -10.03428 0.415576 8.467014 9.715996 4.141883 8.639174 12.92973 0.073993 9.093293 14.93108 0.521222 -2.885134 2.094907 -3.596361 -4.286468 -8.512687 -11.85796 -9.128355 -8.585093 -14.18937 -10.34787 -4.746426 16.26202 15.7136 -2.354527 -6.481031 -3.393368 1.787077 -0.748532 -3.466783 -2.431463 2.312955 7.884926 1.63682 -2.240023 -4.606566 -7.422539 -8.905863 -6.33625
-9999 -9999 -9999 -9999 -9999 -9999 -9999 -9999 -9999 -9999 -9999 -9999 -9999 0.06303 -2.223392 1.102095 0.293917 5.359241 -2.062011 -6.006601 8.837551 3.581549 9.471384 -3.419496 -6.68462 6.868537 13.61333 17.64827 17.81026 5.29459 4.835108 9.607123 1.201342 5.789667 10.48247 -8.306868 -14.42084 -11.25675 -1.161008 1.009554 1.487357 1.108482 -2.382324 -1.886714 1.168048 -4.000216 -7.442319 12.68516 22.88352 -2.511319 -7.607652 2.307541 2.512423 3.055294 1.999804 -0.349176 -2.464295 -8.136277 -12.50866 -7.256188 -3.648292 -4.91493 -2.197017 0.2702
-9999 -9999 -9999 -9999 -9999 -9999 -9999 -9999 -9999 -9999 -9999 -9999 -3.020972 -5.156672 -0.046535 5.078941 2.819174 3.386549 -2.482632 -12.4667 8.141888 5.80105 -2.031087 -6.621329 6.10753 17.89993 17.65893 0 20.6159 21.47764 21.08025 20.04964 15.17106 10.08621 3.820239 -4.209498 -10.38199 6.085659 1.759797 -6.25914 -5.495724 -1.245753 3.728435 4.163291 0.819365 -1.880081 -3.457613 9.945236 30.71097 -4.09424 -6.034395 2.905315 -4.314773 -2.983074 1.242459 3.312387 2.927986 3.579558 1.55325 -1.901717 -5.837293 -5.400118 -2.024485 -1.11744
-9999 -9999 -9999 -9999 -9999 -9999 -9999 -9999 -9999 -21.03742 1.313961 -4.637206 -5.781622 -2.908622 5.017474 3.469244 -3.472288 2.277675 -4.21737 -6.600928 2.670815 3.714883 -7.7974 4.025498 22.89935 15.3409 35.50788 23.96455 10.75069 -1.165142 -7.146005 -3.050781 14.39142 1.841133 4.257915 -2.810344 -6.443762 8.210348 -4.49239 -2.808735 -2.189863 -3.241526 -5.405142 -3.737595 4.584056 -3.47939 -3.326864 9.744977 33.10713 -8.139939 -0.649864 -5.85428 -4.911854 0.978647 -0.816252 -0.948438 -0.717572 1.322756 2.991986 2.162659 2.1968 1.009836 -4.680275 -2.449161
-9999 -9999 -9999 -9999 -9999 -6.234277 -4.229716 2.419924 -4.707351 -7.04704 -6.31698 -8.051494 -5.325035 2.475869 2.020182 -4.131855 -2.07705 -1.829291 -7.612265 -4.759657 -2.854605 -1.206835 9.547544 26.05982 22.80991 3.276225 -12.21051 -9.957617 -9.810903 -14.25505 -17.50903 -15.24335 -3.18892 17.95615 17.41998 -8.239758 1.358453 1.889969 -3.404827 -2.053425 -3.824275 -1.689426 0.139576 -7.820039 1.772417 -0.458875 -5.197415 12.44346 33.14069 -6.633445 -0.630562 -8.592608 0.713852 1.895704 -0.707488 -4.785415 -11.07692 -12.95938 -13.22357 -6.443624 0.743998 -0.494175 -10.53888 -6.950319
-9999 -9999 -9999 -9999 -9999 -8.418819 -1.167667 9.213376 -2.9282 -9.950836 -7.67594 -0.615755 5.375115 3.906646 -0.79136 -0.797808 -3.717484 -4.987395 -2.838828 -0.3851 5.018387 13.95179 13.11871 27.49202 7.281779 -0.594846 2.515031 0.830474 -0.214242 1.991894 3.261468 -4.046599 -11.92906 22.70393 26.50405 -8.963221 4.23131 -7.758746 -2.812069 -1.757207 2.884143 2.76666 3.400706 -2.376995 -2.97332 -0.669622 -1.622349 7.061136 23.44215 -3.904534 -4.244374 -3.339883 -1.090981 -2.709806 -3.440374 -1.535058 0.740776 -0.332377 -0.019015 -4.246054 2.693042 -8.173462 -6.569693 -7.61939
-9999 -9999 -9999 -9999 -9999 -14.12274 9.686221 -3.608429 -6.40195 -4.38345 2.47953 1.737864 0.037477 -1.698446 -3.450742 -6.538176 -6.673388 -0.404846 0.992243 3.588537 15.33851 17.37719 11.25294 2.708778 0.333767 1.145974 -0.395707 0.95729 0.995102 2.90815 4.47466 3.782207 -10.01364 8.316079 6.223163 -3.924068 1.658392 -9.438116 -2.625967 0.229046 -4.122873 -6.983102 -4.38574 -0.579379 -1.592755 -5.534752 1.316581 12.29271 22.47505 0.548796 -5.839715 -1.855296 -5.408214 -3.360795 1.657444 -5.319304 -10.04088 -5.855571 -0.504198 -8.506378 0.456085 -9.057969 -2.254196 -5.847043
-9999 -9999 -9999 -9999 -9999 -3.348222 5.724793 -11.48273 1.271615 -5.548388 2.373588 3.578704 1.189062 -3.127186 -2.615497 -1.256642 3.118435 3.241879 2.621755 12.92402 22.69549 24.29036 8.852111 -1.020586 -2.22912 -1.805321 -2.3311 -7.664436 -10.07775 -8.820424 -8.414177 -5.014768 -2.97521 -6.207294 17.43826 4.400051 2.876973 -9.727912 -3.540955 1.763549 -5.184267 -1.697143 -7.131438 -6.485228 3.199849 -5.391506 -2.332823 15.57225 20.25331 1.890882 -6.872141 -1.01743 -4.811446 1.005482 -4.622373 -10.1066 0.743097 -9.608165 -5.914801 -1.568081 -1.87762 -4.405911 -5.405098 -2.133822
-9999 -9999 -9999 -9999 -20.04291 7.097037 -0.236822 -3.945308 2.433795 -4.48871 0.157609 2.126275 -0.124622 0.070619 0.021197 -1.477599 0.453451 2.977847 12.98276 13.60441 21.0774 9.442244 -3.562706 -1.205966 1.105223 1.378385 -1.058296 -2.000872 1.445341 2.484511 2.004211 -5.007183 -3.332461 -9.331477 29.03725 11.43033 5.197171 -12.70318 2.888852 1.685113 -11.33335 -3.491374 -7.835109 -10.70107 5.490036 -2.680555 -5.944236 15.62653 12.94853 1.342683 -7.188979 -1.352843 -3.366496 -1.251047 -10.92571 -3.822763 -5.069449 -12.16704 1.851876 -3.789634 -5.57793 -2.701809 -11.76926 -0.114276
-9999 -9999 -9999 -9999 -20.9083 1.639013 1.143743 -4.382762 3.006826 4.995659 -0.651358 6.710032 -2.674387 0.131982 -0.838275 3.580549 6.360028 15.02134 4.367809 24.78349 19.4955 4.212931 1.354119 3.034826 -1.894053 -6.168113 -2.83686 4.310147 5.764266 5.426594 5.541949 0.731518 -7.695375 -6.681651 28.61318 20.73832 4.001553 -10.45451 6.693789 -7.062449 -16.37016 -1.911658 -10.23424 -6.481867 1.104174 2.604906 -4.267602 5.275164 8.697616 0.641387 -3.595085 -3.81568 2.114052 -7.926844 -11.86533 -0.829331 -9.226437 -14.94846 7.261892 -9.401883 -2.354476 -5.380866 -7.227863 7.182013
-9999 -9999 -9999 -9999 -9.424664 -8.719522 3.585199 -8.041299 -2.610924 0.585227 -1.652704 1.851391 1.213085 2.630012 4.379662 13.28556 7.641601 11.17409 15.99407 8.749105 -2.960916 -11.30016 -8.228358 -8.428691 -3.068264 4.587378 4.209371 -2.691277 -5.851958 -6.191324 -6.630381 -3.458047 0.975497 -10.70112 24.54364 27.75691 -0.894157 -10.3918 1.311982 -10.65665 -9.575199 1.744657 -10.43507 -5.297525 -4.572299 4.594963 -4.908593 -1.779052 -4.782459 2.462455 1.152648 -7.475875 1.028329 -14.21337 -7.760085 -7.430957 -11.73124 -13.53413 8.981627 -6.689771 -5.825801 2.005938 20.42531 -4.741978
-9999 -9999 -9999 -9999 -5.987342 -7.618914 2.612437 -4.35142 1.695134 -4.984805 2.091707 -0.382111 -13.59215 7.970838 14.71424 6.064815 9.29558 0.135248 -8.380596 1.145001 -3.392694 -8.962382 -3.113017 0.32446 6.438368 2.354357 -3.371357 -2.995343 -2.013155 -0.587003 -0.229859 -5.942426 0.0087 -6.835136 12.53786 22.25257 -3.76748 -4.52319 -3.003178 -3.646214 -7.725711 0.068514 -7.40017 -3.911079 -1.862594 -1.289481 9.271581 3.55828 6.971305 7.647053 -4.087418 -7.018343 -2.995172 -10.35571 0.586876 -7.75889 -10.70455 -10.05108 10.97327 -6.157513 -0.101122 12.98503 17.93743 5.60153
-9999 -9999 -9999 -9999 -9999 -6.862128 -1.166139 1.131373 -0.483926 -4.009358 3.311491 -1.912933 -11.59414 0.736865 26.18959 18.74539 11.6708 7.464155 8.76233 0.860382 0.049628 -1.281584 0.625324 3.331729 3.662262 -5.34388 -6.758108 -4.036146 0.855167 3.382092 2.08761 1.498937 -10.98747 2.091585 13.99955 24.14085 0.334501 -1.69674 -5.96811 0.337807 -7.705584 6.624777 -1.555663 2.532892 -3.705147 -5.857102 -11.22173 -9.256373 -10.69416 -8.091182 -8.6336 -3.420014 -7.006797 -10.37128 -3.387516 -6.671048 -13.19686 -6.174651 8.574742 7.845797 -8.145864 16.3746 -3.057894 -18.93227
