data/asc/relativepos_90.asc
ncols         104
nrows         124
xllcorner     437168.40625
yllcorner     5417446.5
cellsize      90
NODATA_value  -9999
[rows 93 to 123 of 124, columns 0 to 68 of 104]
-9999 -9999 -9999 -9999 -9999 -9999 -9999 -9999 -9999 -9999 -9999 -9999 -9999 96.41911 82.9586 72.2814 72.5153 70.6712 73.9738 73.4586 76.8755 83.9108 68.9325 0 31.2393 38.9689 43.1509 58.0513 73.5304 89.2399 96.7335 88.3958 81.2872 84.3517 90.364 96.4543 92.4385 89.7247 94.1244 95.03 89.36169 83.1316 78.4485 76.3639 70.8681 68.5294 67.3882 62.692 55.0302 45.0805 33.7017 22.0684 10.0482 2.3269 15.0574 23.8095 34.866 43.0476 50.1304 55.1537 57.8541 54.9135 50.8224 45.0873 36.4834 27.3997 18.2296 9.090899 0
-9999 -9999 -9999 -9999 -9999 -9999 -9999 -9999 -9999 -9999 -9999 -9999 -9999 -9999 84.8301 83.4276 87.8745 84.1903 86.2954 88.3588 80.495 100 59.6006 13.2993 33.6251 40.2641 45.1164 59.0537 72.9509 86.1057 93.5647 91.27921 83.4623 86.4591 96.8961 91.6667 93.0273 100 89.248 80.0069 71.2102 66.0923 62.7904 61.5677 58.5787 56.6517 57.3807 51.9503 45.3716 35.7932 24.087 12.0393 1.6778 9.3204 22.2026 35.2681 45.2381 55.5139 62.3937 65.98 66.3962 63.798 55.4697 46.1605 36.2698 26.1871 16.108 6.6504 2.2208
-9999 -9999 -9999 -9999 -9999 -9999 -9999 -9999 -9999 -9999 -9999 -9999 -9999 -9999 96.1087 97.7647 98.1347 100 94.7692 90.78239 93.3094 74.5584 30.9017 17.1615 33.9669 39.4747 44.6748 57.0624 69.3113 82.2209 93.6332 91.3494 83.0492 85.6041 95.3639 90.7658 93.0652 83.0704 70.9508 61.0733 53.0818 49.1135 48.3749 46.5129 45.292 45.1427 47.0606 42.4895 35.2102 26.8086 16.786 4.6393 6.5391 17.891 29.3841 42.2501 55.4701 66.6667 75.66679 78.0389 75.2221 67.9266 57.6329 46.8369 35.8207 24.7715 14.0408 3.5308 5.4858
-9999 -9999 -9999 -9999 -9999 -9999 -9999 -9999 -9999 -9999 -9999 -9999 -9999 -9999 -9999 85.2503 83.7168 82.27409 77.6631 68.5344 61.6042 42.8102 0 21.8971 27.6589 33.7705 43.3961 57.1581 70.783 82.4798 93.3421 92.6772 89.402 90.8777 98.2169 95.8751 88.3934 71.299 54.0998 41.1109 34.6405 31.5152 34.1747 31.1354 31.7311 34.4107 37.7694 33.6083 26.8734 17.578 7.6435 2.9755 12.61 24.2935 36.7916 48.589 61.7594 75.4349 88.0952 90.183 81.6967 70.2862 58.7071 47.1077 35.5482 23.8654 12.3731 1.3394 7.9905
-9999 -9999 -9999 -9999 -9999 -9999 -9999 -9999 -9999 -9999 -9999 -9999 -9999 -9999 -9999 88.3989 76.6476 69.4915 63.6838 53.867 45.1185 21.3814 16.6881 6.5659 18.6371 30.4405 41.2072 57.3534 73.7886 90.0362 97.60191 93.6972 96.7951 100 92.6319 83.9575 73.7351 60.1313 42.4774 24.0253 14.2061 14.1188 20.1519 15.6082 18.6342 24.7512 29.7288 23.3679 18.5586 10.0075 0 9.4611 20.3252 30.4968 42.0858 53.5867 65.2978 78.2871 92.0613 94.2074 82.7482 70.782 58.6644 46.5416 34.3297 23.0033 11.1058 0 10.5955
-9999 -9999 -9999 -9999 -9999 -9999 -9999 -9999 -9999 -9999 -9999 -9999 -9999 -9999 -9999 -9999 74.4567 73.913 61.9557 67.22459 67.3666 49.2007 52.2518 28.2041 13.5716 31.5152 40.2973 57.4673 74.5104 90.56599 95 97.0067 92.2699 87.6719 81.8068 73.227 62.3489 51.4491 36.2079 18.7543 6.3554 8.0634 11.6066 0 8.302 18.4777 22.5035 14.7031 8.1585 2.6534 5.6492 15.5368 26.5469 37.4967 48.3273 59.9103 71.6227 83.0772 92.5132 95.8096 83.2595 70.7535 58.3195 47.5783 36.489 23.7079 9.7607 2.1909 12.3824
-9999 -9999 -9999 -9999 -9999 -9999 -9999 -9999 -9999 -9999 -9999 -9999 -9999 -9999 -9999 -9999 -9999 83.6039 63.703 69.6795 -9999 83.1207 100 60.964 38.0809 41.2765 46.849 62.8088 77.3441 92.4044 96.642 96.2878 84.6214 74.9917 69.0597 63.882 56.6599 46.6902 35.8703 25.0553 19.4556 17.9982 15.8035 10.9898 11.2073 18.0974 15.7614 8.4084 1.2336 2.9069 12.3997 22.3884 31.6976 42.1661 53.4551 64.7644 76.7587 89.3225 98.5632 90.5409 80.4331 71.5053 62.9161 52.3998 39.2431 24.5414 8.930099 3.6375 14.031
-9999 -9999 -9999 -9999 -9999 -9999 -9999 -9999 -9999 -9999 -9999 -9999 -9999 -9999 -9999 -9999 -9999 -9999 -9999 -9999 -9999 -9999 -9999 92.726 68.8499 56.8231 57.804 72.9187 88.264 98.074 92.1968 84.9046 75.2821 64.7059 56.0735 51.1235 47.8455 45.0268 37.6325 31.0854 27.3203 25.3798 21.9995 18.3797 17.8967 16.3863 10.056 1.7642 3.7183 12.7427 19.188 28.6925 38.7289 48.3834 57.9316 66.87801 77.8147 88.5079 100 88.0434 86.5011 80.575 70.63869 57.0617 41.4341 24.9511 7.9405 5.0407 15.5225
-9999 -9999 -9999 -9999 -9999 -9999 -9999 -9999 -9999 -9999 -9999 -9999 -9999 -9999 -9999 -9999 -9999 -9999 -9999 -9999 -9999 -9999 -9999 -9999 84.49689 75.4402 68.1044 83.1196 97.9111 98.2011 84.7093 73.29041 64.4411 54.1329 44.3816 37.9324 35.6551 35.4539 32.133 31.4775 32.4387 30.5335 27.0892 23.5185 16.9742 10.3656 3.4716 3.007 12.2457 20.3879 28.032 35.2398 44.7487 54.8759 64.9887 74.6644 82.6277 92.1602 97.4026 100 100 92.0897 78.3599 60.7085 42.6099 24.3825 6.1008 8.3132 17.4992
-9999 -9999 -9999 -9999 -9999 -9999 -9999 -9999 -9999 -9999 -9999 -9999 -9999 -9999 -9999 -9999 -9999 -9999 -9999 -9999 -9999 -9999 -9999 -9999 -9999 82.0194 78.844 88.7589 93.15 91.4141 79.2055 67.0183 54.1542 43.7712 32.994 24.8842 23.0266 24.5881 20.8482 21.6116 25.1078 28.8837 23.3982 18.1313 13.2374 6.7891 1.3512 10.5891 20.0181 29.1083 36.8968 43.5519 50.6391 60.5134 70.8614 81.1694 91.4877 98.1797 94.7007 94.7273 87.74129 90.2268 77.4171 60.1168 42.334 24.3229 6.0888 8.302 17.9039
-9999 -9999 -9999 -9999 -9999 -9999 -9999 -9999 -9999 -9999 -9999 -9999 -9999 -9999 -9999 -9999 -9999 -9999 -9999 -9999 -9999 -9999 -9999 -9999 -9999 -9999 -9999 97.5008 95.38091 85.9963 73.9988 62.4397 48.9083 35.6586 23.403 11.9689 10.8016 14.2423 9.2744 12.7234 19.239 24.6739 19.8552 13.9759 7.5391 0 8.5827 17.4779 27.8094 37.1505 45.9257 53.0824 58.3609 65.7841 74.8716 85.8204 97.0796 93.6638 86.8782 84.8436 77.4798 76.314 68.076 54.2785 37.8022 20.2578 2.8571 9.5612 18.1836
-9999 -9999 -9999 -9999 -9999 -9999 -9999 -9999 -9999 -9999 -9999 -9999 -9999 -9999 -9999 -9999 -9999 -9999 -9999 -9999 -9999 -9999 -9999 -9999 -9999 -9999 -9999 86.2917 79.2008 72.2174 63.9607 57.7684 46.7548 33.5557 20.2231 7.746099 5.1975 6.6124 1.2933 9.2629 14.886 19.9663 16.9777 10.7078 0 8.594 17.0894 24.967 34.6797 44.6492 54.236 62.5158 68.4773 73.7287 81.5628 89.9734 98.7563 91.234 92.272 90.2812 77.8802 65.1055 57.6962 46.0799 31.6294 15.9156 0 10.6035 19.9131
-9999 -9999 -9999 -9999 -9999 -9999 -9999 -9999 -9999 -9999 -9999 -9999 -9999 -9999 -9999 -9999 -9999 -9999 -9999 -9999 -9999 -9999 -9999 -9999 -9999 -9999 96.0603 77.8101 62.8372 55.1396 50.0543 47.1694 45.5972 34.287 22.5326 11.7214 5.3987 8.264199 0 3.7074 10.1432 14.0388 9.8577 4.5277 4.8903 17.0968 26.6978 33.5487 41.515 51.6441 61.7449 71.3392 78.7349 81.2915 89.3731 97.1457 94.7145 93.1124 100 89.2534 76.134 62.5767 49.1496 38.039 25.5081 10.9253 2.4616 14.1383 24.8963
-9999 -9999 -9999 -9999 -9999 -9999 -9999 -9999 -9999 -9999 -9999 -9999 -9999 -9999 -9999 -9999 -9999 -9999 -9999 -9999 -9999 -9999 -9999 -9999 -9999 -9999 87.8745 69.53619 51.6501 37.8306 34.1902 35.4616 38.0445 34.3346 26.2229 18.4353 15.3012 14.7868 9.6385 3.9746 9.2436 6.3124 1.7182 4.0961 15.9394 26.5296 35.9833 43.2548 47.4663 57.286 67.9329 78.6907 88.4832 91.31371 91.5191 97.1065 90.2031 100 90.7225 82.3372 70.7413 57.3544 43.8823 30.7472 18.3799 5.1523 6.4158 18.6632 30.0745
-9999 -9999 -9999 -9999 -9999 -9999 -9999 -9999 -9999 -9999 -9999 -9999 -9999 -9999 -9999 -9999 -9999 -9999 -9999 -9999 -9999 -9999 -9999 -9999 -9999 -9999 83.0998 62.0934 42.3449 23.9437 18.9419 24.8979 26.8884 24.488 21.4478 19.4383 16.1881 12.3048 7.4327 2.0243 0 4.7492 1.9512 12.4063 26.7726 38.0215 47.0896 53.1402 56.6249 61.0635 71.1003 81.9212 92.8045 96.87659 92.09921 94.8413 91.9234 93.4717 82.8417 72.9207 63.4374 52.1142 39.3882 25.7006 11.6842 0 12.2792 24.8152 36.8326
-9999 -9999 -9999 -9999 -9999 -9999 -9999 -9999 -9999 -9999 -9999 -9999 -9999 -9999 -9999 -9999 -9999 -9999 -9999 -9999 -9999 -9999 -9999 -9999 -9999 -9999 92.3273 70.0176 43.1578 15.4824 8.0294 23.0008 18.3761 16.545 13.0748 11.4477 6.8692 1.761 0 6.4637 13.2238 17.8905 11.6908 15.8517 31.5527 44.9406 56.4839 63.4054 65.5686 65.0041 71.50539 78.6166 84.278 93.0691 94.1284 91.6619 96.0816 89.597 78.7071 66.5105 54.8894 44.8848 33.4682 20.9009 8.0059 3.3459 17.3747 31.4735 44.4092
-9999 -9999 -9999 -9999 -9999 -9999 -9999 -9999 -9999 -9999 -9999 -9999 -9999 -9999 -9999 -9999 -9999 -9999 -9999 -9999 -9999 -9999 -9999 -9999 -9999 -9999 95.6392 68.7134 40.2626 21.3319 12.7436 11.3504 2.6306 2.2656 0 2.1656 4.7062 8.667 12.7708 19.3242 23.254 26.8582 17.9901 9.149301 28.3924 47.6616 64.8187 73.18771 72.42239 69.2028 69.895 75.8329 84.8221 97.8564 86.2446 93.0555 88.7062 80.73441 72.4569 62.1802 49.913 37.7824 26.5384 14.9385 3.2952 8.806499 22.5145 36.6839 50.6969
-9999 -9999 -9999 -9999 -9999 -9999 -9999 -9999 -9999 -9999 -9999 -9999 -9999 -9999 -9999 -9999 -9999 -9999 -9999 -9999 -9999 -9999 -9999 -9999 -9999 -9999 -9999 64.9816 36.5654 11.5539 12.9041 10.9437 17.2151 16.9761 18.0178 5.2327 10.4529 23.828 27.8034 31.759 34.3722 28.9951 20.644 3.5809 29.7752 57.8643 75.9747 88.4286 78.424 71.401 70.9248 74.8544 84.5681 100 88.7933 93.32381 75.285 65.9276 61.983 55.8482 44.3048 32.1512 20.8276 9.0224 1.8646 16.2885 29.7076 41.4988 55.8745
-9999 -9999 -9999 -9999 -9999 -9999 -9999 -9999 -9999 -9999 -9999 -9999 -9999 -9999 -9999 -9999 -9999 -9999 -9999 -9999 -9999 -9999 -9999 -9999 -9999 -9999 -9999 81.4502 58.307 57.2549 49.8276 40.4152 35.7245 24.0111 3.4272 19.7283 7.5301 25.111 37.3018 44.5196 42.4246 31.3555 24.5125 8.203899 26.6714 66.9405 95.73959 91.189 76.8394 77.4267 77.4345 78.681 86.7007 93.96 96.2341 78.61449 65.4489 55.2468 50.9393 47.7026 37.0232 25.8324 14.1483 2.6306 8.8435 24.0253 38.7426 51.1292 62.0832
-9999 -9999 -9999 -9999 -9999 -9999 -9999 -9999 -9999 -9999 -9999 -9999 -9999 -9999 -9999 -9999 -9999 -9999 -9999 -9999 -9999 -9999 -9999 -9999 -9999 -9999 -9999 -9999 -9999 95.2438 80.6805 61.1502 53.8149 40.6878 28.1132 16.3557 5.0809 28.9689 44.4156 50.8868 49.0785 36.3069 28.027 17.0234 14.3619 51.7511 71.6551 75.4492 81.5877 89.7388 86.6504 91.3156 97.1111 92.7415 74.1683 51.5057 42.183 41.2966 42.8881 40.6052 29.2193 18.5807 8.930099 3.0175 19.2306 33.7543 47.2507 61.4418 72.2222
-9999 -9999 -9999 -9999 -9999 -9999 -9999 -9999 -9999 -9999 -9999 -9999 -9999 -9999 -9999 -9999 -9999 -9999 -9999 -9999 -9999 -9999 -9999 -9999 -9999 -9999 -9999 -9999 -9999 -9999 84.6135 71.8271 70.8797 53.92 15.6613 18.503 42.5191 50.2089 59.6508 60.1127 55.993 41.9887 29.6224 18.8008 7.891 37.4344 54.0541 63.7469 82.497 97.0789 93.9059 92.7072 95.67139 72.4914 49.4708 22.8451 14.9234 27.6608 35.6113 32.6716 24.0792 13.7617 0 14.2857 29.7515 44.3814 58.6624 70.7779 85.1323
-9999 -9999 -9999 -9999 -9999 -9999 -9999 -9999 -9999 -9999 -9999 -9999 -9999 -9999 -9999 -9999 -9999 -9999 -9999 -9999 -9999 -9999 -9999 -9999 -9999 -9999 -9999 -9999 -9999 -9999 -9999 92.3138 93.763 81.1362 30.9017 75.78979 73.5344 80 80.3438 69.3955 58.5787 42.8664 27.7959 14.4305 6.1484 29.004 43.4783 58.4494 72.8777 82.197 81.3879 97.1099 93.5804 78.1048 47.9279 21.0033 14.4713 25.4256 34.6106 30.7697 19.0476 5.699 9.7102 26.5464 42.1307 56.5942 70.42139 83.0561 90.64491
-9999 -9999 -9999 -9999 -9999 -9999 -9999 -9999 -9999 -9999 -9999 -9999 -9999 -9999 -9999 -9999 -9999 -9999 -9999 -9999 -9999 -9999 -9999 -9999 -9999 -9999 -9999 -9999 -9999 -9999 -9999 -9999 -9999 -9999 -9999 -9999 73.3267 87.984 89.0858 75.6356 62.5912 47.6183 30.6123 12.5562 7.231699 25.1608 40.8451 56.8144 70.5514 77.2138 81.6282 85.7313 -9999 66.2662 53.5785 36.8052 36.1118 39.8041 40.5309 33.0348 17.8954 3.4483 26.528 41.4214 54.4126 66.4954 79.7906 95.1994 -9999
-9999 -9999 -9999 -9999 -9999 -9999 -9999 -9999 -9999 -9999 -9999 -9999 -9999 -9999 -9999 -9999 -9999 -9999 -9999 -9999 -9999 -9999 -9999 -9999 -9999 -9999 -9999 -9999 -9999 -9999 -9999 -9999 -9999 -9999 -9999 -9999 -9999 -9999 100 82.0386 70.37379 52.2515 33.0655 15.1741 8.930099 28.47 44.3031 62.0379 78.0549 89.9613 96.7461 -9999 -9999 -9999 34.2051 51.2469 59.0183 57.4692 42.2679 28.5714 17.0742 9.5238 39.2857 48.7325 56.1524 75.6095 96.46581 -9999 -9999
-9999 -9999 -9999 -9999 -9999 -9999 -9999 -9999 -9999 -9999 -9999 -9999 -9999 -9999 -9999 -9999 -9999 -9999 -9999 -9999 -9999 -9999 -9999 -9999 -9999 -9999 -9999 -9999 -9999 -9999 -9999 -9999 -9999 -9999 -9999 -9999 -9999 -9999 -9999 92.9579 73.959 53.0087 36.4051 16.2301 12.6478 36.2101 47.3839 67.3368 82.443 94.4759 -9999 -9999 -9999 -9999 -9999 61.7773 77.7424 69.4221 51.5667 39.719 26.5863 26.5006 54.8849 49.5098 66.6667 -9999 -9999 -9999 -9999
-9999 -9999 -9999 -9999 -9999 -9999 -9999 -9999 -9999 -9999 -9999 -9999 -9999 -9999 -9999 -9999 -9999 -9999 -9999 -9999 -9999 -9999 -9999 -9999 -9999 -9999 -9999 -9999 -9999 -9999 -9999 -9999 -9999 -9999 -9999 -9999 -9999 -9999 -9999 -9999 74.529 59.4595 45.5754 18.1589 27.1497 52.9643 57.0709 70.66 77.3783 -9999 -9999 -9999 -9999 -9999 -9999 -9999 95.3737 87.2834 71.1168 68.5132 76.3308 58.5787 83.4023 -9999 -9999 -9999 -9999 -9999 -9999
-9999 -9999 -9999 -9999 -9999 -9999 -9999 -9999 -9999 -9999 -9999 -9999 -9999 -9999 -9999 -9999 -9999 -9999 -9999 -9999 -9999 -9999 -9999 -9999 -9999 -9999 -9999 -9999 -9999 -9999 -9999 -9999 -9999 -9999 -9999 -9999 -9999 -9999 -9999 -9999 -9999 79.1692 66.5051 38.2086 56.2171 78.214 67.0053 84.2016 91.3842 -9999 -9999 -9999 -9999 -9999 -9999 -9999 -9999 92.6046 89.7247 -9999 -9999 -9999 -9999 -9999 -9999 -9999 -9999 -9999 -9999
-9999 -9999 -9999 -9999 -9999 -9999 -9999 -9999 -9999 -9999 -9999 -9999 -9999 -9999 -9999 -9999 -9999 -9999 -9999 -9999 -9999 -9999 -9999 -9999 -9999 -9999 -9999 -9999 -9999 -9999 -9999 -9999 -9999 -9999 -9999 -9999 -9999 -9999 -9999 -9999 -9999 -9999 100 75.6385 84.8259 93.552 77.3031 93.15141 -9999 -9999 -9999 -9999 -9999 -9999 -9999 -9999 -9999 -9999 -9999 -9999 -9999 -9999 -9999 -9999 -9999 -9999 -9999 -9999 -9999
-9999 -9999 -9999 -9999 -9999 -9999 -9999 -9999 -9999 -9999 -9999 -9999 -9999 -9999 -9999 -9999 -9999 -9999 -9999 -9999 -9999 -9999 -9999 -9999 -9999 -9999 -9999 -9999 -9999 -9999 -9999 -9999 -9999 -9999 -9999 -9999 -9999 -9999 -9999 -9999 -9999 -9999 -9999 -9999 -9999 90 100 -9999 -9999 -9999 -9999 -9999 -9999 -9999 -9999 -9999 -9999 -9999 -9999 -9999 -9999 -9999 -9999 -9999 -9999 -9999 -9999 -9999 -9999
-9999 -9999 -9999 -9999 -9999 -9999 -9999 -9999 -9999 -9999 -9999 -9999 -9999 -9999 -9999 -9999 -9999 -9999 -9999 -9999 -9999 -9999 -9999 -9999 -9999 -9999 -9999 -9999 -9999 -9999 -9999 -9999 -9999 -9999 -9999 -9999 -9999 -9999 -9999 -9999 -9999 -9999 -9999 -9999 -9999 -9999 -9999 -9999 -9999 -9999 -9999 -9999 -9999 -9999 -9999 -9999 -9999 -9999 -9999 -9999 -9999 -9999 -9999 -9999 -9999 -9999 -9999 -9999 -9999
-9999 -9999 -9999 -9999 -9999 -9999 -9999 -9999 -9999 -9999 -9999 -9999 -9999 -9999 -9999 -9999 -9999 -9999 -9999 -9999 -9999 -9999 -9999 -9999 -9999 -9999 -9999 -9999 -9999 -9999 -9999 -9999 -9999 -9999 -9999 -9999 -9999 -9999 -9999 -9999 -9999 -9999 -9999 -9999 -9999 -9999 -9999 -9999 -9999 -9999 -9999 -9999 -9999 -9999 -9999 -9999 -9999 -9999 -9999 -9999 -9999 -9999 -9999 -9999 -9999 -9999 -9999 -9999 -9999
