data/asc/relativepos_90.asc
ncols         104
nrows         124
xllcorner     437168.40625
yllcorner     5417446.5
cellsize      90
NODATA_value  -9999
[rows 62 to 92 of 124, columns 0 to 68 of 104]
-9999 -9999 100 89.4737 70.4978 55.5863 40.8253 28.8518 17.6313 2.7352 5.7646 18.2458 31.2112 44.0391 58.3164 72.2486 87.2651 96.3505 84.3781 76.8033 72.5003 79.4596 83.7744 89.5591 96.4709 100 89.27361 91.3504 75.69559 82.1829 88.0952 96.6512 100 100 94.8736 85.8981 74.953 68.4847 68.0376 75.5134 83.206 74.1308 60.3283 44.6359 26.6055 16.5447 25.8669 36.3553 38.0314 25.8263 9.1827 11.1111 28.2697 41.3857 56.981 71.2338 81.9936 84.9779 92.4225 97.9746 94.171 95.3502 90.7153 76.0866 63.5564 53.8905 28.5013 10.8152 16.3768
-9999 -9999 84.1908 77.7614 63.2416 44.1475 26.1866 12.2938 8.2601 1.8293 11.3195 23.0031 35.1796 47.1959 59.2294 71.5381 82.1567 86.4246 82.15601 76.6859 75.5354 81.2575 89.5684 98.2831 93.1973 87.3525 75.9893 73.5937 62.1089 61.653 69.3613 76.8097 81.2098 82.2237 76.3021 66.1759 53.6913 44.9068 46.2367 57.2054 66.8379 71.8271 59.2838 38.2782 18.503 0 12.7227 24.7066 32.4005 23.1371 11.1111 10.7407 32.1312 47.5939 56.733 62.7671 71.7794 77.7218 84.55 94.4525 89.3861 76.2048 70.73019 59.0769 45.2185 30.7116 18.7051 12.5846 3.0506
-9999 -9999 80.896 70.2696 56.8822 38.4999 18.7722 2.2757 5.5566 6.6104 16.2887 27.1601 37.5188 48.9337 60.6447 72.27831 83.9602 92.7459 88.2464 81.3463 80.6449 83.5213 89.7059 98.1738 93.4761 94.8877 72.7796 53.867 43.9171 41.14 49.5465 57.9053 64.7164 68.3282 60.9977 49.6546 34.7894 21.8293 28.1248 49.5023 73.4527 90.9501 69.0983 40.6925 14.2387 0 2.332 15.6613 22.9587 25.2725 14.5134 9.8493 36.9023 57.9605 67.6929 67.898 65.539 71.82401 80.754 90.6139 90.8173 70.4654 52.8103 39.621 28.2291 24.45 11.077 0 10.9141
-9999 -9999 -9999 73.8796 63.8486 42.8545 21.0809 5.4226 2.8951 9.6705 19.9797 31.2155 41.963 51.9427 62.8667 74.2207 85.5592 94.3434 87.6101 89.7271 89.1339 93.6048 97.35239 97.2794 92.18729 81.3 65.0345 44.1093 24.9481 20.718 31.1529 42.3609 51.47 56.8752 50.988 39.7404 24.7729 5.829 20.6532 46.7662 72.5074 95.8067 81.045 55.5101 32.9381 20.9166 2.5922 5.8068 13.8003 23.3871 10.9416 17.3794 46.6929 73.9779 84.2304 75.4833 69.34679 71.0288 79.0329 87.5198 97.4393 74.4042 51.4063 28.5356 10.1638 10.7312 40.2595 38.5352 17.6397
-9999 -9999 -9999 82.7849 65.278 51.6251 32.9652 19.6833 0 12.8344 23.4183 34.9637 46.4421 57.2949 66.9092 76.3973 84.4406 86.2776 92.9668 98.0685 97.8998 90.7608 97.72729 87.4154 76.1754 66.0582 52.6027 36.416 15.3225 2.3748 18.2286 30.624 39.0055 44.273 44.172 33.9854 20.9072 5.5647 16.8793 41.1287 63.3372 84.9837 92.998 71.29449 51.8261 30.3675 14.2015 0 2.7458 16.7077 5.8582 18.0217 49.5024 79.7906 86.4922 76.4279 70.0542 70.8049 78.4266 86.8241 97.4773 74.8951 52.7241 31.7712 25.852 36.075 65.8706 76.3308 59.897
-9999 -9999 -9999 80.4806 66.7046 58.1639 36.4321 14.8003 4.9418 16.0418 26.6381 38.7359 50.1095 61.9173 73.3125 82.6912 90.98251 93.99129 100 87.7114 80.3068 74.2356 82.7833 76.7907 66.87801 54.2934 40.9087 24.1435 7.5094 2.9799 7.1144 19.0707 26.3798 32.4662 37.3954 29.6384 18.1954 5.1018 15.2371 36.9684 57.9023 76.93211 94.7541 84.1196 62.6746 44.5993 28.0433 12.4412 2.0439 9.034101 5.5285 18.7839 44.8577 64.8649 72.2906 70.3614 67.36861 71.3745 77.87659 88.1837 92.9343 73.8483 56.4754 41.0729 44.3612 58.4378 83.95641 95.73959 95.4595
-9999 -9999 -9999 -9999 74.0289 62.2403 39.3837 15.9478 6.9505 19.9527 31.8877 44.0284 56.1962 67.2607 77.3552 89.7563 98.3473 95.8371 92.3989 76.3442 63.4833 58.4759 60.9292 59.7641 56.8887 48.2316 35.9995 24.738 12.578 11.3769 2.22 7.5886 14.5834 21.4715 26.7148 25.4675 16.2389 4.1933 13.9323 33.6203 52.2731 70.8227 89.1766 92.4565 71.9665 55.7724 39.7227 23.7114 13.2172 4.6294 4.9658 14.7418 35.9111 51.6786 59.6652 61.921 61.5883 69.4419 74.5239 82.7928 100 75.3903 50.9539 33.8957 27.9667 42.5191 62.7921 71.2303 82.4186
-9999 -9999 -9999 -9999 87.7592 68.3682 45.4593 25.4618 19.5703 27.0226 38.2782 49.7942 61.3513 73.8796 85.3099 93.8728 98.2554 97.1241 79.9178 65.84641 50.8009 40.5393 39.0054 41.1546 44.3393 50.8714 47.344 40.7455 34.2655 26.2567 11.7693 2.2122 4.1517 10.8125 16.8074 22.0481 14.7716 1.9709 15.9848 33.7458 51.4325 68.5616 85.0053 100 82.3192 64.39989 49.1839 36.8935 27.6245 16.4116 4.8505 7.7196 26.1204 40.1419 49.0359 53.5169 55.5147 66.1909 71.712 79.6767 96.80161 72.7683 43.3158 16.6667 3.3333 21.5398 37.9999 48.3915 63.1338
-9999 -9999 -9999 -9999 91.2268 72.4563 53.0065 42.7051 39.1484 40.2523 47.6092 59.3668 68.7778 78.3924 92.1044 98.4188 90.3273 85.6731 72.94621 56.5045 39.975 24.341 17.067 24.6097 38.6532 54.098 62.5146 61.0051 54.958 40.9991 26.5006 16.5585 2.8957 1.8493 8.6755 14.6153 13.0162 3.6439 16.8074 32.7591 48.6815 64.6819 80.8862 96.1722 88.4727 75.0765 62.0163 49.7546 38.2472 25.5473 12.5064 3.0289 18.2002 31.0664 40.3106 46.2373 54.1795 65.056 71.06779 77.8605 91.0217 80.8926 49.2118 21.0722 6.811 0 14.9508 32.1696 47.6972
-9999 -9999 -9999 -9999 86.4246 71.7546 66.483 63.5614 58.1089 55.3641 57.6052 69.9808 80.741 87.48351 93.6328 98.1858 84.2847 73.4348 64.2857 50.7054 34.8733 17.7889 0 18.3095 38.7016 57.9132 76.0948 82.58241 71.2436 55.5955 41.2439 28.947 18.1406 7.1444 1.8154 7.625 8.9606 13.1694 23.0157 35.2006 49.1426 63.4141 77.1334 89.4986 100 86.617 72.128 59.369 45.9365 31.4114 16.8938 1.8441 12.3899 24.9354 34.1867 41.4319 52.09 62.4256 68.67799 74.3199 85.0246 89.3763 60.577 39.3089 26.1632 13.3333 2.6085 18.9503 35.9286
-9999 -9999 -9999 94.5113 81.0319 77.8971 85.7566 84.1109 76.4574 71.4771 71.7998 78.0025 92.1368 98.2852 94.8047 86.5304 76.3767 65.3342 56.6383 45.5334 32.1307 17.6211 4.3468 13.3298 35.2133 57.2479 79.5287 97.5625 82.1415 66.8598 54.9571 43.2686 32.2455 19.8096 9.149301 1.7014 1.4897 9.7529 22.055 33.0154 45.252 57.144 69.0101 79.891 92.6144 92.6973 78.1936 64.3032 49.9407 34.8819 19.3389 3.5354 10.6554 21.8523 30.4358 40.9639 51.7802 62.555 70.7548 77.6927 90.4311 86.1668 66.0378 44.3588 21.7129 4.9594 4.1433 10.6356 23.4975
-9999 -9999 -9999 92.8918 92.1023 90.7088 97.3262 93.8688 91.5735 84.0071 85.3053 88.89799 95.971 100 90.8863 74.8048 63.6508 54.6025 47.5278 42.8529 32.0404 19.6685 8.3726 7.6141 29.5861 51.2303 73.1044 91.3775 93.9379 80.6797 69.1362 57.2746 43.5737 30.6284 21.9693 12.4708 4.2604 2.2393 12.695 24.8979 36.6563 48.9047 61.9216 75.6019 88.992 97.5384 84.0243 68.5424 52.4948 36.3286 20.1951 5.0526 8.8068 18.4754 29.1582 40.0651 50.9415 61.7573 71.67 77.8929 87.3983 96.2601 73.7106 51.5559 32.6807 20.3111 9.8018 0 12.2802
-9999 -9999 -9999 -9999 -9999 -9999 -9999 -9999 -9999 -9999 -9999 -9999 -9999 91.7399 77.1143 65.1892 51.7687 40.8778 35.4201 32.9575 31.4009 21.0371 11.1521 4.8523 25.2725 45.5199 63.3682 78.9466 94.1136 94.2343 81.3618 66.6843 52.4512 41.1269 31.3776 22.2838 11.1557 3.2751 4.6044 16.9494 30.3192 43.8334 58.4135 73.3464 87.19231 100 84.8924 69.3247 53.4207 37.4408 21.4478 5.6221 7.591 17.4773 28.6566 39.8258 50.9652 62.044 72.9862 79.6296 89.6235 90.4716 68.4642 45.2873 21.9693 9.6424 6.0741 5.1435 1.8413
-9999 -9999 -9999 -9999 -9999 -9999 -9999 -9999 -9999 -9999 -9999 -9999 100 87.4438 69.0983 52.4357 39.2496 27.3558 21.1686 21.0576 22.7611 21.4535 12.1786 2.2703 21.6659 38.0401 52.8994 67.8009 80.7595 97.8709 85.7566 71.1223 58.5787 48.585 38.9412 28.2155 19.5577 11.7867 2.3027 10.2602 25.4232 40.8639 56.4529 71.5062 86.9883 93.2978 79.0127 66.4421 51.5816 36.2831 20.8308 5.2318 7.3367 17.4983 28.7468 39.9948 51.2418 62.487 73.7281 81.2674 93.1924 89.2875 68.6145 45.6909 23.1009 11.7693 9.9032 9.7837 1.6026
-9999 -9999 -9999 -9999 -9999 -9999 -9999 -9999 -9999 -9999 -9999 -9999 -9999 82.7142 64.2813 46.3322 28.5262 15.5611 6.9266 10.133 14.0755 14.6392 14.8221 2.0296 11.4309 26.7878 41.9671 58.5787 76.8741 97.5368 86.7007 75.8241 65.3234 55.4785 44.7749 35.3181 25.5093 14.1915 4.4729 5.5068 21.562 35.2746 50 65.6066 77.1592 81.3601 72.7023 63.7923 49.3374 34.6402 19.9654 5.0325 8.4207 18.3479 29.3146 40.2289 51.0424 61.6351 71.957 77.9149 84.9685 97.35239 74.1288 52.8071 35.857 26.5022 23.3789 18.8865 6.0524
-9999 -9999 -9999 -9999 -9999 -9999 -9999 -9999 -9999 -9999 -9999 -9999 -9999 87.3471 68.8526 48.5437 32.4557 11.3441 12.0126 5.0518 0 0 2.2703 7.5131 2.104 17.178 32.8857 50.3309 69.6571 89.0181 90.8306 78.1936 68.6181 59.3292 49.7235 38.7623 28.2404 18.5227 9.7496 7.3538 11.1793 25.4652 41.6813 50.9744 56.5098 60.6209 58.8779 55.5662 46.0907 32.2866 18.098 4.5597 8.1178 17.9253 28.5431 38.9962 49.1907 58.5787 67.2525 75.1634 81.1684 83.5836 72.6227 57.6103 45.2233 36.9699 32.8137 22.7858 12.5066
-9999 -9999 -9999 -9999 -9999 -9999 -9999 -9999 -9999 -9999 -9999 -9999 -9999 93.1069 73.7013 58.5787 49.6741 36.0243 32.3752 24.7362 22.5 19.861 17.0487 11.1343 2.5461 3.4015 19.7275 37.2202 55.9224 72.3257 77.524 71.4774 62.6155 53.2509 45.4825 38.7927 31.3735 22.1278 17.1092 11.0712 2.0049 17.107 29.3865 32.4972 34.1642 40.6735 42.6125 44.4943 41.7591 29.0854 15.5957 1.5812 9.1067 18.2744 28.2629 37.3754 44.2523 52.5772 61.5939 70.182 74.0453 73.2746 67.30849 58.3904 50 43.3389 37.2155 27.5874 18.7003
-9999 -9999 -9999 -9999 -9999 -9999 -9999 -9999 -9999 -9999 -9999 -9999 -9999 -9999 87.8214 77.1229 74.3126 61.2284 54.0971 46.7533 45 41.6976 38.9485 32.5604 20.6747 5.4306 3.7439 22.5948 38.3958 53.2281 59.3372 58.9656 52.4232 43.9955 36.7584 30.4026 24.055 19.2067 15.6613 11.8581 6.255 6.2565 17.7805 12.0656 12.6501 20.0206 27.174 31.0546 30.2306 25.9279 13.5499 2.9253 10.752 16.4344 24.2057 29.8 37.3077 46.0408 54.3989 61.9316 66.0344 67.1817 63.2872 57.7472 52.1198 47.0063 39.6086 31.0993 22.9004
-9999 -9999 -9999 -9999 -9999 -9999 -9999 -9999 -9999 -9999 -9999 -9999 -9999 -9999 -9999 86.9261 96.91209 84.4089 74.9245 69.4615 67.5 62.4213 60.4027 52.7421 39.0283 25.0117 8.3492 5.3378 22.0481 34.1063 41.9168 45.2419 39.3123 32.3937 25.7803 20.3771 15.722 11.0668 6.9222 1.4769 0 0 0 3.0118 9.3386 2.2673 16.7776 15.83 17.576 17.1302 13.7754 4.807 2.7603 10.432 15.44 21.7864 30.5214 38.6209 46.6884 52.0851 55.2194 56.8322 56.4433 55.0458 51.712 47.6318 40.8992 33.7705 25.899
-9999 -9999 -9999 -9999 -9999 -9999 -9999 -9999 -9999 -9999 -9999 -9999 -9999 -9999 -9999 87.1931 85.5917 94.4589 94.4804 92.3511 89.9756 82.7812 81.8785 73.2048 58.1702 39.5726 20.9166 5.6165 4.9229 17.3238 24.9499 29.8398 24.8196 19.7092 13.7014 10.1679 6.9444 0 1.6657 7.816 11.8666 12.7502 10.9898 6.8823 1.8746 0 0 0 4.7594 4.4118 6.7211 8.3953 4.1145 1.6649 6.1708 14.8798 22.859 31.1659 37.3077 41.4377 44.4926 45.7539 45.8527 45.5078 42.7849 40.4507 34.8163 29.5522 22.9143
-9999 -9999 -9999 -9999 -9999 -9999 -9999 -9999 -9999 -9999 -9999 -9999 -9999 -9999 -9999 87.1175 72.5056 79.55669 87.3932 89.858 91.5587 97.7744 97.5384 92.3474 74.1198 54.0203 36.0067 20.9321 2.2751 0 15.044 13.9852 9.7074 5.8908 0 4.3468 4.7619 10.2467 14.3231 17.6896 22.2473 20.461 19.2755 16.1322 14.0263 12.8436 11.401 10.1403 6.8514 5.8175 2.5119 1.6894 2.2517 3.2751 0 7.2179 15.5957 22.7282 27.8644 30.5773 34.1399 34.6931 35.1817 35.7448 33.355 31.9973 27.3359 22.0717 18.0062
-9999 -9999 -9999 -9999 -9999 -9999 -9999 -9999 -9999 -9999 -9999 -9999 -9999 -9999 100 79.269 63.4716 62.9966 69.0983 72.0723 76.0059 80.8393 83.0901 93.3492 84.7101 64.3014 46.1778 28.9614 16.9999 5.8385 1.8133 0 3.0587 9.3818 10.1746 11.3258 20.4324 25.9018 28.1569 29.3788 30.2757 29.4214 25.2094 23.2236 22.2266 21.5594 20.9152 19.6433 17.7353 16.3991 13.5362 11.896 11.6204 12.3659 4.4912 0 7.768 12.6338 18.5356 19.7396 23.9127 23.6762 24.5153 26.0537 23.5877 23.0168 20.5759 14.3559 9.6222
-9999 -9999 -9999 -9999 -9999 -9999 -9999 -9999 -9999 -9999 -9999 -9999 -9999 -9999 84.01521 64.3888 49.6258 45.583 51.814 54.2461 59.6766 64.7025 72.2486 80.4806 75.777 62.9188 49.981 34.925 20.1165 7.949 2.6067 15.1307 20.8245 27.7514 31.8825 33.5773 37.9584 41.3836 40.9463 39.6417 38.6537 37.457 34.1726 33.1017 32.6416 32.0513 31.97 30.4024 29.0811 27.1768 24.0111 22.1553 21.0035 17.2839 10.5101 4.805 1.6649 4.9508 8.149 9.6641 13.5307 12.8185 14.0335 16.9495 13.5867 13.9691 15.0604 7.8169 2.2858
-9999 -9999 -9999 -9999 -9999 -9999 -9999 -9999 -9999 -9999 -9999 -9999 -9999 75.3903 69.6303 44.9994 29.7161 29.9466 35.8465 36.5458 43.4808 50.6835 58.3957 63.6044 58.5787 47.8176 36.7945 25.7532 11.3166 1.8154 13.442 25.4389 36.3184 45.0249 52.7543 56.469 56.6941 54.8059 51.972 48.7418 46.1941 44.0736 42.9862 42.8941 42.9761 42.6879 43.003 41.5693 40.3547 37.7085 34.3426 31.9534 29.9816 23.8291 15.6415 8.2263 3.3476 0 1.6534 2.6613 5.2693 3.4145 4.9993 9.810599 3.4185 5.3682 6.1049 7.6678 5.8144
-9999 -9999 -9999 -9999 -9999 -9999 -9999 -9999 -9999 -9999 -9999 -9999 73.1204 78.9268 63.0032 30.9017 5.0332 15.2769 18.9953 19.6348 29.5718 36.8092 42.2169 46.9492 40.9861 31.4067 21.5093 12.336 1.9635 9.4632 21.9483 34.9884 47.5508 58.9575 70.7769 79.3945 74.4077 66.1493 60.4725 55.9173 52.1573 51.561 51.808 52.7058 53.3561 53.3483 53.9988 52.8858 51.5072 48.1456 44.2652 41.1027 36.8372 28.8404 21.5276 15.576 10.5961 7.7748 5.9167 2.1596 1.558 6.397 6.9682 9.3927 5.182 2.8509 1.9572 2.9339 6.8014
-9999 -9999 -9999 -9999 -9999 -9999 -9999 -9999 -9999 -9999 -9999 92.7569 87.5623 91.9437 64.5482 38.1107 18.2198 16.7563 6.6906 7.6678 18.9681 22.1656 26.3448 30.0571 25.9747 14.6762 3.1651 0 9.0066 17.7724 29.34 42.2307 55.9457 69.1639 81.2733 97.564 83.8335 72.4569 65.37569 60.5466 57.4623 59.7872 60.7233 62.3765 63.6862 64.0023 64.7054 64.2672 62.435 58.1717 53.4416 49.0565 41.5545 33.3899 25.3888 18.8326 10.8222 4.5182 9.4062 8.562699 2.5064 3.2691 2.1409 1.0433 1.4087 3.3591 3.6688 1.9509 0
-9999 -9999 -9999 -9999 -9999 -9999 -9999 -9999 -9999 -9999 -9999 94.9346 74.6931 67.11411 44.0292 11.9661 6.5283 2.6316 0 0 2.7421 6.1702 13.0552 20.8982 17.6056 2.7911 6.4373 14.3146 21.717 29.0115 35.8545 47.3662 60.1733 73.8278 87.3914 98.0016 84.8822 75.1889 68.6401 67.4789 65.6798 67.8412 69.5779 71.7113 73.9229 74.7868 75.4184 75.6683 72.82059 65.5246 56.6697 47.8285 39.2855 30.68 22.121 12.9857 7.2959 1.2616 9.9689 14.4643 7.9108 5.8767 2.6232 7.4651 6.1685 3.9841 3.7711 6.1348 6.9331
-9999 -9999 -9999 -9999 -9999 -9999 -9999 -9999 -9999 -9999 -9999 100 78.2194 54.9944 36.3591 19.0316 17.3175 15.7245 16.3137 18.1589 19.4444 18.2744 13.8367 5.1443 4.3097 7.292799 20.4577 26.9336 34.4209 42.3073 47.227 53.1676 64.7728 77.23911 90.12 98.3061 87.7435 79.1877 78.78239 75.3362 74.2278 76.2559 78.4811 80.8121 84.1735 85.5861 86.23 85.688 78.2871 67.6172 56.5735 45.3824 35.3277 26.2509 16.983 9.255 1.3739 6.0517 14.6056 21.9971 18.0969 16.38 12.0075 13.3992 14.8007 12.6983 11.9858 12.7227 8.641
-9999 -9999 -9999 -9999 -9999 -9999 -9999 -9999 -9999 -9999 -9999 97.3933 86.7197 67.4917 49.3318 36.7215 31.7425 27.8588 30.6544 34.0432 39.5715 46.3002 52.549 44.2279 0 22.9276 31.3846 38.2839 48.4142 55.365 60.0739 61.2574 68.2747 79.9923 92.6479 94.8955 88.3601 90.57 87.7728 79.9092 79.8018 82.1567 84.8243 88.9501 93.0807 95.99181 96.9997 96.2162 81.5326 67.2118 53.932 42.0526 29.846 19.5394 11.257 1.468 7.318 16.1298 22.3363 28.7432 28.4662 25.8523 22.279 22.1223 23.336 21.0055 19.7709 12.7026 4.6096
-9999 -9999 -9999 -9999 -9999 -9999 -9999 -9999 -9999 -9999 -9999 -9999 100 82.9904 65.5216 52.1065 44.6308 41.9905 44.752 48.9532 53.5619 64.5335 78.7248 55.5556 23.5294 34.1352 38.386 47.5659 60.4988 69.5154 73.5431 72.1172 69.6566 79.4199 89.4944 95.9231 94.3968 95.8539 89.5464 81.93961 85.8375 90.9194 91.9109 98.4375 96.5987 93.5861 90.3718 86.579 76.8773 63.0585 48.7826 35.3788 23.7697 11.8655 2.1403 3.2593 11.5846 23.0168 32.5121 37.2155 38.8025 35.5135 32.3024 31.0699 31.3809 28.8166 21.2517 13.2777 4.8255
-9999 -9999 -9999 -9999 -9999 -9999 -9999 -9999 -9999 -9999 -9999 -9999 -9999 93.3523 77.1618 64.2635 57.1551 56.528 59.3269 63.1231 66.4483 69.0983 78.64059 21.7129 24.0253 35.9503 40.7528 54.5383 69.2854 82.605 87.7509 81.513 74.7715 77.5641 86.99039 97.1164 91.3853 83.6605 85.3607 91.1698 94.7455 95.8067 94.5841 89.3993 83.9453 81.147 78.2956 73.9722 66.0583 55.3407 43.1312 28.7076 14.6842 3.6802 2.381 14.1925 22.8107 31.4204 39.7891 46.2652 49.1618 45.343 41.8905 39.6648 36.4683 28.1969 19.735 11.6635 3.081
