data/asc/relativepos_90.asc
ncols         104
nrows         124
xllcorner     437168.40625
yllcorner     5417446.5
cellsize      90
NODATA_value  -9999
[rows 31 to 61 of 124, columns 0 to 68 of 104]
-9999 -9999 -9999 -9999 -9999 -9999 -9999 -9999 -9999 -9999 -9999 -9999 -9999 -9999 -9999 -9999 -9999 -9999 79.5052 58.3757 44.5856 34.6478 9.0499 19.2386 43.6068 65.6576 78.3784 92.8096 96.5517 88.3757 65.6363 51.5407 38.0535 23.5858 6.9276 0 21.6345 42.7051 56.5049 62.7432 55.4135 40.7297 25.608 11.6066 19.5938 46.0478 60.1229 62.2177 60.7422 57.9877 50.7625 43.088 33.1613 23.4044 14.3726 6.4084 7.6678 10.4711 6.8955 8.0366 6.8383 2.7501 1.7451 3.512 1.8203 0 0.9344 2.0627 2.574
-9999 -9999 -9999 -9999 -9999 -9999 -9999 -9999 -9999 -9999 -9999 -9999 -9999 -9999 -9999 -9999 -9999 76.118 62.708 39.2816 21.2705 22.1237 8.9651 14.6762 34.8892 59.2838 88.8207 95.2938 86.3636 66.8184 62.6241 57.2471 42.3806 27.9526 15.3268 4.7269 9.5358 29.1655 43.1164 51.0042 50.713 38.9903 26.9604 15.4682 6.7891 31.1821 45.3342 51.4698 53.711 49.69 43.0142 37.6499 31.297 21.3741 11.3062 -9999 4.2408 4.3028 6.4929 0.9441 0 2.557 5.3004 3.4388 1.4078 7.2367 8.5367 10.2054 9.6141
-9999 -9999 -9999 -9999 -9999 -9999 -9999 -9999 -9999 -9999 -9999 -9999 -9999 -9999 -9999 63.758 64.2794 60.8935 49.2362 29.1732 6.6477 0 5.3867 3.2433 14.5413 43.1578 68.75 80.2717 61.2574 55.5385 55.6634 54.3678 46.7084 33.7731 22.3154 13.1109 2.3432 19.2657 33.2907 41.9744 46.9257 37.2734 27.1 17.6005 2.7517 19.725 34.5948 42.9315 45.9757 39.8573 33.6909 28.6768 24.8255 20.0416 12.8673 -9999 1.5649 5.6041 0 4.9181 3.456 2.7569 0 5.1201 7.7823 13.2975 16.9992 18.2167 17.7277
-9999 -9999 -9999 -9999 -9999 -9999 -9999 -9999 -9999 -9999 -9999 -9999 -9999 80.275 76.1371 68.77769 57.2769 52.6836 43.8085 33.0852 25.0755 22.3585 18.6495 10.6694 5.2327 12.7149 44.7089 66.2295 19.5194 68.7134 59.3075 56.0181 52.5734 40.7547 27.7143 15.4052 2.769 11.9563 25.1238 34.2046 39.4237 35.6745 26.9497 18.4809 4.3804 12.8006 25.9711 34.4707 34.4093 29.34 23.5842 -9999 -9999 -9999 -9999 -9999 5.878 1.6953 4.6333 1.1167 4.3646 2.9851 8.1805 12.6675 16.6499 20.0477 24.9338 26.4167 25.937
-9999 -9999 -9999 -9999 -9999 -9999 -9999 -9999 -9999 -9999 -9999 -9999 96.9882 96.5707 82.6657 72.4998 61.573 60.1426 56.7779 50.9982 47.2136 45.9506 46.2703 37.4958 20.4369 5.7168 10.9416 36.3392 57.8559 66.1635 59.7688 56.3719 54.6658 43.058 30.6984 18.1043 6.4579 6.9365 17.131 25.5042 28.9405 24.7313 24.0786 19.391 8.741 5.9085 19.3808 25.134 22.8163 18.2744 -9999 -9999 -9999 -9999 -9999 -9999 7.7723 6.3795 2.5459 6.5564 10.7536 10.4593 16.3397 20.6541 25.3316 28.1275 31.798 34.7014 34.147
-9999 -9999 -9999 -9999 -9999 -9999 -9999 -9999 -9999 -9999 -9999 -9999 97.4496 86.4922 81.034 77.2657 72.625 73.7909 74.1431 71.1253 69.3881 69.6288 72.9327 65.6468 48.6833 32.276 15.7697 8.0634 20.4382 42.93 49.9263 50.3101 50.3819 42.796 30.5556 18.1326 5.6812 0 9.1137 18.0006 18.566 13.7751 12.8863 14.932 16.0768 14.9693 14.2892 -9999 -9999 -9999 -9999 -9999 -9999 -9999 -9999 -9999 11.9755 3.3333 8.0618 15.7158 18.7261 19.319 23.6029 29.1468 33.4059 36.7766 39.5687 42.5208 42.3245
-9999 -9999 -9999 -9999 -9999 -9999 -9999 -9999 -9999 -9999 -9999 -9999 -9999 87.9167 85.1828 89.4999 85.4927 88.1419 93.3421 91.3909 91.9706 92.3626 90.6139 86.4654 79.4411 57.2108 34.4127 12.8967 4.1629 19.6067 34.396 41.7914 45.2612 41.6211 30.8715 20.4607 12.351 7.4876 5.0729 11.9698 10.5718 4.2353 1.5617 4.2781 4.4273 -9999 -9999 -9999 -9999 -9999 -9999 -9999 -9999 -9999 -9999 22.3368 10.0671 5.0452 14.054 21.0238 26.3433 28.0269 31.7539 36.9067 41.6845 45.6502 47.9055 50.041 50.4403
-9999 -9999 -9999 -9999 -9999 -9999 -9999 -9999 -9999 -9999 -9999 -9999 -9999 85.2534 93.7653 98.2243 100 97.7279 88.3004 87.7129 87.5178 85.1405 90.4792 89.311 86.35471 66.5852 44.3868 29.3569 18.0907 16.6128 28.9545 37.0848 41.7206 36.5019 28.5238 19.9381 15.1394 11.829 5.7874 0 1.7218 4.8819 11.0432 8.4271 8.1907 6.5222 4.2781 -9999 -9999 -9999 -9999 20.8763 24.7048 27.8599 32.764 23.1376 8.1763 4.4246 17.2436 25.4275 30.8008 36.2719 40.0118 44.8567 50.0444 54.0238 56.5743 58.0313 58.4522
-9999 -9999 -9999 -9999 -9999 -9999 -9999 -9999 -9999 -9999 -9999 -9999 -9999 89.4438 98.2198 88.7573 84.2016 79.6428 69.4701 65.79179 65.0671 66.9627 75.282 77.6969 73.1342 61.3389 43.0447 22.1751 2.4294 9.8112 23.5408 32.412 36.8255 28.9189 20.5008 14.4124 5.8824 0 8.21 0 6.1696 16.5985 25.3508 23.5697 22.7886 20.3603 16.6912 17.4368 16.9976 21.4924 26.3195 31.5001 37.8508 41.6526 37.4956 26.0874 9.0125 10.9898 23.3291 29.8707 33.9648 40.5999 47.9174 52.8499 58.0764 62.6501 65.44791 66.2912 62.4169
-9999 -9999 -9999 -9999 -9999 -9999 -9999 -9999 -9999 -9999 -9999 -9999 -9999 95.5006 91.6237 80.1276 69.9407 62.8667 52.6161 44.424 42.668 47.299 57.4809 63.113 62.5383 53.3773 39.8498 24.8577 14.1062 13.4892 22.3085 29.8596 26.3677 22.1365 14.5188 5.9901 1.9437 12.2565 19.4414 18.6261 23.5386 29.3268 37.8216 38.6577 37.0968 33.731 21.784 9.2775 9.3029 19.9461 31.9643 42.2692 49.9021 50.3008 43.9608 30.288 6.6273 17.369 28.4193 34.0479 37.6139 44.8759 53.0454 60.4286 66.0424 71.1017 73.29041 70.6903 65.4266
-9999 -9999 -9999 -9999 -9999 -9999 -9999 -9999 -9999 -9999 -9999 -9999 -9999 89.014 78.823 71.3692 58.4626 49.0559 37.5 24.9358 20.4894 30.5842 43.2327 51.4013 54.4954 49.2379 40.1599 31.1831 24.0443 21.9255 25.4171 22.0273 15.9173 14.2507 8.8435 0 13.8827 26.248 35.2562 37.1795 39.5161 44.3762 51.1244 53.6385 50.4124 38.4438 24.6231 9.7354 7.1924 19.8481 32.9079 45.9486 57.8607 58.2103 55.4691 43.1734 23.4764 25.3128 33.0153 37.7005 41.0166 49.6405 57.3369 65.5577 73.3582 77.7586 79.2855 76.7164 69.2567
-9999 -9999 -9999 -9999 -9999 -9999 -9999 -9999 -9999 -9999 -9999 -9999 -9999 79.1505 73.569 64.7362 51.5407 39.5037 27.3092 11.6097 5.1718 21.9753 33.9218 39.8136 43.4645 41.201 37.0363 31.1573 26.0313 21.8571 18.6992 13.9607 6.8486 3.1059 0 9.7914 24.1801 38.8644 50.908 55.5704 57.0352 59.985 66.2247 68.3633 57.7416 43.4194 27.1874 10.0387 5.2555 19.2038 33.5499 47.8037 61.8639 67.5946 74.3996 69.7627 50.6153 42.5377 41.6894 43.0377 46.8247 55.0391 63.2831 70.0694 77.6214 82.8656 88.3396 84.1753 72.62251
-9999 -9999 -9999 -9999 -9999 -9999 -9999 -9999 -9999 -9999 -9999 -9999 -9999 93.4303 77.2428 66.1091 50.8613 35.6192 20.6846 6.0341 0 11.8128 21.5038 27.6596 34.2615 29.881 24.8112 20.7035 16.0068 13.4151 10.2752 5.0206 0 8.278399 7.6855 21.0711 34.2158 48.9142 63.6225 73.4694 74.8834 73.6923 82.4729 79.13 64.667 47.3175 29.0949 10.6114 5.4756 19.3517 33.8643 48.3749 62.8812 72.8405 85.96861 92.1916 69.0983 57.338 52.2116 50.9961 54.3997 62.393 69.869 77.6497 80.8584 87.99129 100 87.4606 70.7716
-9999 -9999 -9999 -9999 -9999 -9999 -9999 -9999 -9999 -9999 -9999 -9999 -9999 87.6101 74.1116 64.8905 50.7894 36.6563 23.2248 12.1317 8.364 5.9972 8.3132 19.4574 24.4404 19.5194 13.8854 12.9949 4.4688 0 2.1155 4.4438 12.0872 18.3626 20.0922 29.6264 43.1708 57.4118 72.887 88.4502 91.5059 81.3887 96.2257 87.5 68.75 50 31.25 12.5 5.5556 19.0506 33.2269 47.0855 60.64 71.9959 81.1826 97.20551 83.9418 70.0514 64.0153 59.5018 63.5273 70.6918 78.1645 83.7861 89.27959 95.6928 91.2761 75.59589 62.2267
-9999 -9999 -9999 -9999 -9999 -9999 -9999 -9999 -9999 -9999 -9999 -9999 95.8371 85.1468 74.2488 65.5485 52.4528 40.1953 29.4459 21.2121 14.5206 5.2321 1.5355 13.478 14.7947 10.4063 4.4273 2.2703 5.3942 7.8317 9.6767 17.7615 24.8709 23.2906 28.1371 37.1009 48.7854 62.3291 76.8433 92.59261 93.1728 91.7374 87.5273 82.03751 66.6869 49.1733 31.1985 13.6103 3.7398 17.0574 30.6803 43.8319 56.6582 69.0935 78.1582 88.1599 93.0053 84.0798 73.1555 66.4316 72.4791 80.2802 86.2036 91.7997 100 92.2867 78.8982 64.9659 49.2275
-9999 -9999 -9999 -9999 -9999 -9999 -9999 -9999 -9999 94.303 81.1995 100 80.4342 75.4577 68.4273 63.2778 54.1488 44.1449 35.4038 25.9969 15.5113 7.0883 8.1575 11.1952 4.8014 2.0161 7.9539 16.8405 23.4067 29.8607 31.3684 32.7777 23.5794 11.4015 21.9219 37.5308 49.2174 59.2306 73.8907 87.6725 92.9476 96.8087 85.2726 71.5397 60.7884 46.4301 30.3754 13.4759 3.6068 16.1122 28.9044 41.3423 53.4414 65.0619 75.2397 82.0655 94.1657 91.147 79.2442 75.1432 80.5877 88.5841 95.081 97.21671 87.1116 75.8538 65.1362 51.898 37.8348
-9999 -9999 -9999 -9999 -9999 88.9942 97.4437 95.1112 87.60571 85.6015 72.6957 75.564 66.6667 58.4229 56.5114 55.2578 53.7933 45.8254 37.8056 28.725 20.1582 13.4299 10.3945 3.2048 4.1228 12.6103 23.6692 34.4359 43.4936 51.9873 52.8251 44.9045 25.9237 6.1484 16.6763 38.8753 55.5669 63.6603 66.4951 81.3724 96.5878 92.3077 80.2771 66.7932 53.1667 40.9169 26.5955 10.9335 3.7878 15.2739 27.3375 39.0572 50.1392 60.8346 72.3756 82.8252 93.57339 93.763 82.1999 84.0323 89.2992 93.7146 92.0913 83.0041 72.5782 61.5713 50.3509 37.8906 25.4059
-9999 -9999 -9999 -9999 -9999 85.311 77.3408 74.8585 68.4905 66.456 54.8059 48.7265 44.0313 42.8993 44.5915 47.0326 46.501 38.3511 31.0889 23.7865 16.7332 7.122 1.4725 3.709 15.3712 26.1086 36.7943 49.8883 61.9255 73.2746 73.1522 56.5158 36.3418 16.4996 9.2523 43.7301 68.7722 75.89439 72.0776 78.3534 90.9515 97.6973 83.5383 69.5539 55.0681 40.3768 25.3603 10.1776 4.666 16.9439 29.4411 41.6391 53.4247 64.5155 73.9874 82.0324 93.5886 94.4605 85.0888 91.013 100 94.0203 82.8656 68.67799 58.0426 47.6616 36.1943 23.8841 10.7008
-9999 -9999 -9999 -9999 -9999 79.2589 60.9977 53.4442 48.1456 48.2677 38.0399 24.6055 18.6906 28.3787 35.7766 40.4485 38.6941 30.7643 24.5786 19.0107 11.7006 2.2355 2.9878 12.9506 23.6316 35.4014 46.754 59.6931 74.39201 91.2702 87.0268 64.3345 41.738 21.7533 0 42.8459 89.5382 92.8767 76.1166 72.433 86.0745 100 87.664 72.0394 56.4174 40.8973 25.6853 10.3431 4.6869 17.6262 30.5225 43.446 56.2248 68.6384 78.9808 86.1604 96.8836 92.1269 97.677 95.431 86.4957 77.7424 69.8006 57.1734 44.429 33.4397 22.5612 12.187 0
-9999 -9999 -9999 -9999 -9999 70.558 51.3323 33.8853 26.7749 29.5003 29.4751 13.3345 5.244 21.4858 30.5192 35.217 31.4539 27.323 20.243 11.5627 1.9497 5.5647 14.3979 20.7992 31.657 42.6055 53.8789 65.4208 78.823 90.946 83.4652 64.3321 43.8485 24.7743 4.3608 33.2229 63.4881 72.5373 69.8868 69.8537 84.2209 98.2565 86.90189 71.5222 56.0618 40.3093 24.5414 8.766 6.2338 20.0326 32.9995 45.7562 58.1615 71.2347 80.7835 95.1994 88.803 94.3249 83.9418 77.0068 69.7385 62.8423 54.3513 44.5299 31.5173 19.5241 11.6066 0 10.7407
-9999 -9999 -9999 -9999 96.2257 78.046 52.6635 26.8019 6.8966 16.5806 17.744 17.3221 6.5903 18.0068 27.146 28.7452 25.9521 22.2274 13.9186 0 9.2176 18.356 24.827 30.4221 38.2619 49.3213 61.0581 73.135 84.7001 97.0712 84.4717 64.6601 44.9292 25.6094 11.8165 19.1607 43.5991 55.9464 60.2693 73.7938 89.154 97.392 82.3899 66.5068 51.1362 36.5843 22.3921 8.5983 6.6986 18.651 32.8493 47.229 61.1641 74.1575 82.2074 100 86.8765 79.1661 63.9071 57.6504 51.2124 47.9696 39.5806 29.6777 19.6154 6.346 1.9963 11.2163 22.5285
-9999 -9999 -9999 -9999 91.0091 75 52.6145 34.9587 23.0281 4.7338 3.7799 0 7.3564 14.3996 21.4251 23.0769 16.4522 11.3166 3.2103 10.5426 22.7886 30.9947 37.1368 40.2387 46.2537 54.8944 65.2708 76.5153 88.3023 93.1153 78.7862 62.807 45.2948 31.7905 12.8955 14.7962 33.9697 45.3561 56.8547 72.6858 88.41541 96.17509 80.2269 63.842 47.0011 30.8526 15.2195 1.8916 6.2513 19.043 33.6929 49.1619 64.53941 78.4938 90.5227 88.074 90.84641 70.7984 50.9641 40.8528 31.8976 31.5241 24.2679 15.3855 4.5018 0 13.2647 26.7624 35.6113
-9999 -9999 -9999 -9999 77.8311 65.4859 53.7953 57.8835 58.7274 43.9987 33.6439 21.8977 9.0125 2.1682 12.63 14.8831 0 3.9703 19.0744 33.027 38.6801 44.6311 49.2604 50.7577 53.6392 63.0704 72.5056 82.3206 92.866 90.1442 74.0289 57.698 48.3683 41.9005 23.0008 12.0771 30.4846 38.43 52.8233 68.5424 83.8579 97.9746 83.1433 64.6029 46.1395 28.0783 10.3542 7.6885 22.4232 30.4163 39.752 52.1065 67.1833 80.1774 96.9302 88.9652 71.6799 38.7426 24.8709 26.3125 12.8637 15.665 8.4207 1.9148 5.935 10.7264 26.455 39.5457 50.8514
-9999 -9999 -9999 -9999 61.5039 64.15421 62.5 73.9093 100 70.2085 52.3132 37.5614 24.2027 11.6988 6.4823 0 11.5627 28.33 47.7714 56.8718 54.6488 60.2848 61.6916 60.2819 59.2534 68.8422 79.2255 90.0234 98.3516 88.95959 73.513 58.1296 57.1051 56.8144 39.8528 18.9798 37.8273 42.5305 50.851 66.1111 81.1208 95.9403 84.5568 65.0494 45.6795 26.4453 7.7533 14.8641 30.9017 45.501 53.0335 58.3139 68.8645 78.833 93.9659 94.0121 62.3328 23.264 5.5465 11.3043 9.5984 0 1.8878 8.534699 17.9819 11.6066 25.5397 45.1757 62.2621
-9999 -9999 -9999 -9999 -9999 71.984 66.0295 72.0171 78.3172 71.222 59.3743 46.4549 33.8324 22.5348 9.7051 10.6815 34.5141 55.185 81.2274 78.968 71.3598 77.737 73.7309 70.0906 67.582 71.633 81.5913 91.74789 97.6187 85.9537 71.6371 57.3349 61.0238 70.9637 85.7143 27.1192 40.1031 43.7337 49.7669 64.9 79.6939 94.0013 86.36771 66.2765 46.7323 26.6415 7.6678 21.7129 39.3681 55.8031 67.426 71.9085 78.4017 85.1551 100 83.3333 55.5435 25.3481 0 7.21 2.2307 5.3328 15.2651 22.1292 20.6742 8.0793 26.2283 50 72.7397
-9999 -9999 -9999 -9999 -9999 75.8161 66.705 67.3684 68.9722 64.2986 52.7778 40.6314 28.5613 18.974 3.2433 20.1391 41.1502 64.1472 86.9156 86.0358 83.871 95.062 86.0731 80.1877 76.19379 76.5423 80.7473 86.7434 97.5326 88.69511 71.8719 55.2357 55.7805 57.2949 36.3636 27.9471 39.6584 43.3634 49.1762 63.9703 78.4287 90.5753 93.2852 73.2886 53.5237 40.1031 35.6789 42.1357 54.4069 67.90231 82.83331 83.3941 84.3387 97.6979 100 78.6539 56.1816 33.3333 20.7079 7.7901 8.0766 14.6966 18.5629 30.8175 26.7983 8.1152 27.5982 51.2553 77.3963
-9999 -9999 -9999 -9999 94.4715 74.1899 66.4082 60.5119 56.6909 50.4153 40.6314 27.7778 17.8611 8.2864 10.7019 37.4383 56.7074 75.4241 89.403 97.4665 88.1599 92.1053 98.2292 89.4219 87.0431 85.1686 81.7677 89.3669 100 85.0901 68.8283 52.3571 46.4532 37.0326 8.121 28.1254 39.9393 44.0562 54.9323 68.80859 81.1362 87.4427 100 82.64571 68.2955 62.2008 64.9816 71.6799 78.0147 86.4922 100 96.3877 96.7759 97.2515 95.0582 82.9666 66.3636 48.818 38.1024 19.1511 9.554299 9.0499 5.9483 27.7023 20.2448 30.4221 48.9013 68.0957 88.6749
-9999 -9999 -9999 -9999 81.4345 69.9411 64.346 54.1896 44.0671 37.3466 27.8241 16.4787 3.6495 7.2886 30.4516 58.1835 81.7256 81.1362 100 86.579 97.2902 93.9591 93.2949 100 98.6606 91.4927 87.9528 90.1419 98.2146 83.5555 67.6249 51.6299 39.4892 28.1038 5.354 23.4975 42.1784 53.7811 64.69839 75.1073 88.2008 98.2037 97.091 97.5793 87.3126 85.7482 90.84641 100 96.4309 88.03391 70.5354 64.3211 69.3923 82.1212 94.8877 94.2713 79.5618 68.8595 55.152 37.9551 32.186 25.9983 19.7683 35.9931 32.6252 49.2061 73.0577 92.4572 95.8669
-9999 -9999 -9999 92.59261 78.6923 69.4679 61.3523 47.588 34.4581 24.9483 15.9394 5.7721 5.6679 21.6383 43.3634 66.3749 87.2773 81.3762 82.5986 79.8816 87.9043 90.9091 85.455 90.2883 92.2122 98.5962 98.5182 92.5981 98.2426 88.15601 72.6592 57.9881 46.1236 36.1302 31.8833 41.9515 57.5297 66.3274 76.7201 87.5728 88.4093 86.332 97.6751 90.2727 90.4009 89.1892 89.5302 78.4201 69.2044 56.3311 36.6557 34.4828 47.2222 64.0285 78.6463 88.81361 96.5106 90.9785 72.378 60.5784 54.6675 45.8623 48.1935 56.2574 66.2926 100 93.552 86.1359 77.9519
-9999 -9999 -9999 91.3401 90.1658 75.3133 61.2995 45.9506 30.404 15.6813 3.8622 2.8735 17.7879 32.3538 47.1251 62.7139 72.264 73.5288 72.6451 73.6818 79.5305 82.3615 80.2962 81.9911 85.6675 89.8265 89.2606 89.1435 94.4031 94.3149 80.775 71.3287 62.4964 56.877 58.6458 68.6052 80.1238 85.6731 94.6837 93.9782 92.3988 97.6979 94.0561 76.6804 67.5272 65.4859 66.3491 65.4859 52.9213 37.9184 11.6165 18.0707 36.2147 53.221 66.4306 81.8559 95.2256 95.0518 94.3727 83.6039 73.6302 64.3298 74.8544 83.6772 85.29131 84.8544 68.7755 62.4354 57.7739
-9999 -9999 -9999 82.7914 84.571 69.4359 53.8605 40.8113 26.0396 10.7573 0 11.1566 24.6675 38.7426 52.3722 67.2946 82.5799 87.4375 80.4342 74.0418 73.23071 75.7347 78.9404 83.1995 88.29691 89.1292 94.065 95.8751 91.7368 100 95.7989 86.8415 82.2946 79.6086 84.603 95.3685 91.61 92.1171 88.8657 90.3229 95.5567 89.9752 73.1008 60.3969 44.6252 41.2342 44.2937 49.6409 43.5838 30.3079 11.4233 12.5359 28.4214 43.4955 59.6189 76.7291 93.158 93.8516 92.9645 96.54 89.3644 85.0766 94.28571 92.3565 87.394 75.7486 49.9354 36.2358 37.1842
