data/asc/slope_90.asc
ncols         104
nrows         124
xllcorner     437168.40625
yllcorner     5417446.5
cellsize      90
NODATA_value  -9999
[rows 29 to 57 of 124, columns 0 to 65 of 104]
-9999 -9999 -9999 -9999 -9999 -9999 -9999 -9999 -9999 -9999 -9999 -9999 -9999 -9999 -9999 -9999 -9999 -9999 18.44768 22.64224 27.92402 28.79248 29.37894 28.90255 32.8656 25.19847 10.22852 25.58018 33.18081 41.81094 44.59369 50.54625 51.43854 37.09954 29.28017 50.49515 44.89959 42.27644 36.99841 35.00938 34.69658 40.38482 49.24592 34.68033 46.08421 35.88813 32.01792 36.09298 38.95255 39.72025 36.71392 33.14515 30.54413 28.07632 30.0928 36.96129 37.90919 32.11283 22.86121 23.08558 31.92434 36.93451 31.3193 24.47603 21.77359 16.65118
-9999 -9999 -9999 -9999 -9999 -9999 -9999 -9999 -9999 -9999 -9999 -9999 -9999 -9999 -9999 -9999 -9999 -9999 11.11312 18.41926 25.77541 30.54529 28.4385 28.81606 32.03705 27.12909 10.76194 25.95508 45.79342 52.39458 49.16817 52.51271 56.3528 55.04377 26.0548 45.31289 51.06467 43.08325 36.49359 31.12178 29.90651 37.41946 52.59118 25.62052 39.46066 34.929 35.57122 36.62009 35.43214 36.48789 35.71767 32.4552 29.58019 28.08829 29.45747 32.99898 27.59753 18.9577 15.74897 31.01059 40.60447 31.06716 17.43998 11.42692 8.73525 7.550324
-9999 -9999 -9999 -9999 -9999 -9999 -9999 -9999 -9999 -9999 -9999 -9999 -9999 -9999 -9999 -9999 -9999 -9999 9.613055 14.67415 19.83845 26.82207 28.92888 36.29797 41.86545 38.21052 26.83604 23.86547 44.41674 47.58078 49.59155 49.50087 56.43975 60.90794 47.15517 31.87833 55.77879 48.63538 38.14117 30.85318 30.76945 40.70633 48.82446 29.99193 37.71576 39.28202 35.82843 34.32779 31.82328 35.92702 39.96163 39.59502 38.32907 36.43561 36.76103 32.16801 30.8686 29.38809 34.67636 43.60242 34.0083 14.68861 7.416253 5.366367 0 0
-9999 -9999 -9999 -9999 -9999 -9999 -9999 -9999 -9999 -9999 -9999 -9999 -9999 -9999 -9999 -9999 -9999 14.17515 12.88762 13.17264 16.31659 19.74122 22.45556 40.25627 61.65604 70.87908 52.04462 9.017987 48.28657 48.55767 55.13364 48.91203 56.17476 58.42205 55.55531 35.76656 38.88302 50.41335 41.06331 34.18335 34.59488 41.03222 44.53766 36.07589 34.68954 40.95428 36.55062 36.1081 34.24041 36.76633 42.52903 43.03328 44.53499 40.02451 37.28321 -9999 41.94234 40.07697 39.11267 28.96881 10.79196 0 5.033838 0 5.753507 7.701899
-9999 -9999 -9999 -9999 -9999 -9999 -9999 -9999 -9999 -9999 -9999 -9999 -9999 -9999 -9999 25.21975 25.81698 23.2533 19.5753 19.82325 21.30971 18.17175 16.08823 24.69835 56.89619 98.86662 100 79.48634 64.47134 67.26062 63.17085 49.28376 54.51781 52.38356 53.40639 53.71707 27.2186 48.62719 44.03296 36.53445 35.05505 38.69393 40.10513 39.10381 31.63474 39.19016 31.57409 37.88768 43.14889 49.85492 51.70797 40.90787 30.24339 26.68376 23.99354 -9999 27.00206 13.6439 11.24373 6.466789 0 0 6.204291 10.99805 13.8692 19.48843
-9999 -9999 -9999 -9999 -9999 -9999 -9999 -9999 -9999 -9999 -9999 -9999 -9999 24.358 29.82759 26.34101 26.32806 27.03329 24.30783 26.53588 30.83598 30.28202 28.7455 23.75171 17.83178 50.45596 100 100 100 83.11008 65.96603 53.73334 51.78113 46.09382 51.63458 60.76738 28.21044 43.36658 46.7101 42.925 39.5554 39.32084 40.66501 46.36945 39.13017 44.96427 48.96687 54.06363 54.40539 51.51613 42.58294 -9999 -9999 -9999 -9999 -9999 22.24696 10.11515 7.009078 9.801748 13.98921 18.19707 20.7084 24.8028 35.46057 48.5351
-9999 -9999 -9999 -9999 -9999 -9999 -9999 -9999 -9999 -9999 -9999 -9999 0 17.70688 23.99267 22.39141 25.11719 29.48521 29.80079 29.14367 29.07936 31.38965 37.7425 43.88455 36.34036 20.0473 36.17434 60.08935 77.88468 74.92947 66.26159 53.9211 47.24334 43.44353 48.33906 57.62028 39.73486 31.05198 39.62498 38.04334 43.31887 50.22348 56.10099 54.08751 37.78732 40.58272 46.96378 42.61904 30.27673 23.81787 -9999 -9999 -9999 -9999 -9999 -9999 18.78135 8.657132 10.33398 19.51524 29.69235 39.7359 46.28162 52.83452 61.57269 65.62324
-9999 -9999 -9999 -9999 -9999 -9999 -9999 -9999 -9999 -9999 -9999 -9999 4.070868 16.48534 18.7999 20.51152 24.11758 26.8392 29.39163 32.4606 28.53275 28.87232 43.32015 58.26758 54.68733 48.87536 36.24758 24.36725 46.32693 50.87515 44.41313 41.05145 46.24825 46.10922 44.67202 49.2108 44.64714 24.42807 43.2802 50.1924 56.75597 59.88607 52.85128 36.42548 20.94601 17.21393 16.75962 -9999 -9999 -9999 -9999 -9999 -9999 -9999 -9999 -9999 20.25891 17.44674 34.83939 52.60068 64.36109 70.73662 69.83868 66.36001 62.93027 54.99308
-9999 -9999 -9999 -9999 -9999 -9999 -9999 -9999 -9999 -9999 -9999 -9999 -9999 17.86939 19.18642 20.76205 19.9013 18.07062 19.39947 26.96104 23.42363 10.62497 23.4022 52.35655 57.17157 49.79833 51.067 44.85694 28.81861 38.71279 43.81249 48.19168 47.13059 42.51726 42.33689 44.37286 42.81773 23.72576 25.73504 34.17101 33.4201 23.61955 12.51947 6.623139 0 -9999 -9999 -9999 -9999 -9999 -9999 -9999 -9999 -9999 -9999 33.44037 33.76651 38.81456 68.81318 75.19724 69.36758 62.10509 55.81362 51.66369 46.67416 37.26183
-9999 -9999 -9999 -9999 -9999 -9999 -9999 -9999 -9999 -9999 -9999 -9999 -9999 14.17916 12.76216 14.58855 16.59318 20.7717 21.5202 27.15049 30.38016 26.6069 43.55453 54.3504 56.74256 51.9589 54.24444 57.73116 36.12311 34.62766 45.66634 47.49316 44.40504 44.32169 44.23004 44.57448 37.41373 18.79358 7.459435 5.339115 2.645078 13.58219 18.03065 14.7836 10.23243 8.246958 7.216886 -9999 -9999 -9999 -9999 43.76762 56.83556 63.30917 66.27668 66.62363 62.09605 53.71009 67.94953 48.87259 41.41692 39.08843 38.17478 40.8997 40.77208 37.73295
-9999 -9999 -9999 -9999 -9999 -9999 -9999 -9999 -9999 -9999 -9999 -9999 -9999 8.864934 15.45131 19.78121 27.62249 36.10864 36.70236 39.84909 42.99395 45.30659 58.9397 64.80363 61.90231 55.86663 50.37029 50.72145 36.40404 27.76729 31.82116 36.27887 40.9067 41.44293 37.88736 35.83296 21.79687 5.413279 5.722925 14.00916 26.02926 32.97824 34.75698 36.83838 35.49916 32.22402 24.26216 14.48421 16.06077 32.99003 53.77564 59.93618 54.65477 47.74943 44.46043 45.62427 55.58794 47.53332 55.64326 34.9405 34.80098 36.70434 38.48862 42.68987 43.58318 41.80062
-9999 -9999 -9999 -9999 -9999 -9999 -9999 -9999 -9999 -9999 -9999 -9999 -9999 11.55462 28.36958 31.97899 42.03094 50.08324 49.77425 46.7326 42.66451 38.73027 44.62706 51.25109 55.18876 50.77294 41.22722 39.22095 36.47636 32.98035 30.54548 28.04247 28.04736 26.624 25.95067 18.21211 3.620448 19.01168 23.29713 29.90062 37.24879 37.20795 38.24243 42.83563 46.51986 44.26954 38.0506 24.09126 27.80258 48.35211 52.65601 45.46529 44.56211 43.20697 40.22813 42.76439 49.75343 48.91671 54.89924 42.16133 38.36786 37.80566 38.79508 38.68095 34.26588 31.29875
-9999 -9999 -9999 -9999 -9999 -9999 -9999 -9999 -9999 -9999 -9999 -9999 -9999 19.59269 35.65236 36.60796 44.44765 49.13694 52.19996 49.51934 45.92747 40.42229 44.88512 44.50871 46.14334 42.56585 35.82079 37.37294 42.93296 37.76892 30.76207 28.15809 25.00487 19.63235 16.13426 9.883239 38.47863 45.06099 46.96266 48.05878 47.6752 46.02671 47.70429 48.32428 45.39064 44.54034 42.92606 29.9854 33.57271 49.39861 45.75761 44.7384 41.69161 35.66737 32.18892 38.58295 47.31187 52.67276 53.09395 40.61544 38.59982 38.18374 35.54361 31.85127 26.56235 22.93913
-9999 -9999 -9999 -9999 -9999 -9999 -9999 -9999 -9999 -9999 -9999 -9999 -9999 22.79436 36.40937 40.8578 44.57853 45.35311 49.16723 51.84954 44.60988 38.70406 43.26204 41.89624 41.29099 38.28997 42.77316 50.98007 49.39047 38.48996 33.10727 30.55003 22.19449 10.59729 12.67493 47.68953 57.05175 49.72153 49.59054 49.94931 50.27571 50.50645 51.52189 52.62823 52.29473 51.81889 51.06375 36.54299 33.41151 50.48291 47.20541 40.6729 32.8085 32.46952 34.90942 35.90322 36.8906 37.90517 44.17143 40.98116 41.42896 40.87419 36.36677 30.92713 24.45595 22.01746
-9999 -9999 -9999 -9999 -9999 -9999 -9999 -9999 -9999 -9999 -9999 -9999 -9999 30.59095 40.78113 47.17941 46.56056 45.61303 49.33916 56.13477 40.53889 48.53826 49.03354 45.16016 49.71487 54.50878 57.7711 54.73532 44.24638 34.53069 28.16296 15.93219 7.24813 21.04979 46.2329 67.05986 58.7307 52.73763 54.07398 54.15453 52.10771 47.35368 41.62907 37.48654 39.1531 46.31897 54.20697 42.39905 31.41967 53.29819 46.53365 35.5488 32.35104 33.65914 35.15031 38.10504 40.86636 45.1946 51.19687 47.55681 42.54014 36.87843 29.32209 24.0086 20.79512 24.49151
-9999 -9999 -9999 -9999 -9999 -9999 -9999 -9999 -9999 -9999 -9999 -9999 -9999 38.07243 47.30039 50.09308 47.09435 42.88467 41.8361 53.79242 44.85588 41.49901 45.68426 47.34707 58.37859 56.51402 41.50167 28.38248 17.51917 10.13367 10.2745 14.22417 15.9753 25.60072 50.105 57.97978 47.00117 41.37386 42.84671 47.03005 45.31973 39.2086 34.93381 32.76489 31.69805 38.0125 47.01577 44.31609 27.72264 56.56952 45.32286 38.16727 37.33867 36.31149 36.04015 38.59175 43.84892 44.5811 42.24981 35.63838 33.28086 27.77197 20.00329 18.38301 21.06778 30.60271
-9999 -9999 -9999 -9999 -9999 -9999 -9999 -9999 -9999 -9999 -9999 -9999 21.44581 38.4047 47.55347 45.88665 42.27874 38.47231 36.44941 50.07624 55.6996 37.29319 35.19992 49.31689 56.88275 41.13934 17.82828 0 20.89923 38.22056 48.17401 44.22598 28.82917 25.84474 50.26381 50.173 34.93256 32.99063 41.88534 43.20109 43.50835 40.74627 36.20037 33.9907 35.1173 40.20013 44.72345 46.91899 27.53606 60.65365 47.74391 44.57365 40.33145 36.94668 37.33239 40.26082 43.74141 40.82141 34.78291 29.66889 25.7424 20.06729 16.67047 20.14431 25.24376 37.48664
-9999 -9999 -9999 -9999 -9999 -9999 -9999 -9999 -9999 7.457926 12.28407 21.2262 30.97655 40.853 41.49161 37.81876 39.07816 38.36396 38.14873 48.86174 52.93361 45.82132 39.49587 42.8588 28.27564 11.03607 31.68225 44.39538 55.82345 63.02898 66.48498 63.65284 53.18081 24.87299 47.74039 50.54414 35.08455 38.02163 41.80861 33.74337 34.33565 34.95433 34.48468 38.36662 41.01405 42.42501 46.93819 48.99196 30.39564 63.12493 51.75588 47.04016 35.73731 34.45847 36.96315 39.97422 43.92095 44.17289 39.52069 29.94599 20.85436 15.09783 17.27077 25.44309 33.70626 43.99804
-9999 -9999 -9999 -9999 -9999 15.1946 25.28379 21.73064 16.80541 19.1379 24.79685 33.02195 39.43144 39.55104 35.44471 36.22794 40.67818 41.49747 44.85069 51.82048 54.38795 52.84866 46.47693 18.51592 19.87752 46.69398 57.11736 57.94199 53.73251 45.42316 40.96627 47.20796 59.50088 32.66289 40.72046 55.75132 41.80218 44.64122 41.1651 34.20618 31.26662 31.19241 29.49041 35.46186 45.95455 45.91836 48.48292 50.71738 32.68809 62.82507 54.90002 46.3012 35.72784 36.5468 36.10465 34.8643 33.00637 33.30696 30.69879 23.49265 19.67812 18.28116 27.26704 37.4177 44.57906 48.82155
-9999 -9999 -9999 -9999 -9999 20.05986 34.17286 28.95415 25.00147 32.1034 36.03066 40.42154 39.86588 35.14611 35.02032 38.24036 43.4225 47.83311 51.88564 56.28407 54.80784 41.38406 20.7035 28.47696 46.10807 47.96909 47.17287 48.9097 47.15951 40.06077 34.34512 37.04061 55.14234 46.40764 28.51676 61.73693 51.84267 46.93753 37.87666 34.02516 29.54277 32.5931 33.24896 36.16398 46.53175 49.08157 48.48664 49.87572 34.27601 60.47293 55.8835 47.16604 40.27426 36.32347 33.06794 30.21367 25.88414 23.42292 19.30571 20.56542 22.41556 27.04771 38.60331 48.33407 52.21675 52.03529
-9999 -9999 -9999 -9999 -9999 25.30478 29.01617 20.46939 28.85785 39.79168 42.40093 38.62373 34.52949 32.8955 36.59927 41.83788 49.56608 52.18848 52.68134 52.72617 40.33495 11.82308 27.46216 50.82402 52.65121 50.92281 51.02742 50.62207 48.23776 44.31442 41.20404 39.633 51.06628 58.09978 20.53522 63.31532 55.96902 46.3437 36.39481 34.58146 30.29347 29.53376 34.20575 40.55142 44.66906 49.23178 50.10126 44.24027 32.58687 57.94273 54.79586 48.55276 40.87864 33.52842 31.89548 27.58267 18.19558 14.41392 17.01725 26.61969 28.76109 35.01171 43.55088 53.41799 51.31261 56.97231
-9999 -9999 -9999 -9999 -9999 30.32139 26.94209 30.44239 34.22054 37.48235 39.55457 34.58665 35.39421 37.5761 42.16142 47.08395 49.99687 49.01136 47.03064 39.09947 11.52976 25.27235 47.47998 52.06718 52.06126 51.052 49.93573 46.80347 41.62901 37.51888 36.22677 41.27289 50.13213 60.86963 26.73129 55.79887 56.65746 49.49534 37.46544 37.2266 27.80314 21.4061 29.33176 44.47763 46.56174 45.6883 49.27272 39.77678 32.95518 60.27398 53.91663 46.76249 41.17058 34.60553 31.4478 19.33736 9.311358 18.32656 29.83563 34.01122 35.40236 39.75351 46.18743 57.46006 58.14615 65.60188
-9999 -9999 -9999 -9999 17.93811 37.37897 27.86475 36.35249 32.9212 38.64418 41.93483 32.33557 31.02795 35.83959 40.25515 44.13767 45.54312 43.76262 33.72029 13.90892 23.7314 48.58304 52.47155 48.74751 48.82772 49.64687 46.62721 40.4188 35.23551 32.85646 32.27405 38.77359 50.5411 61.03377 36.05882 44.40957 59.24209 49.84027 41.69986 46.00122 29.81114 17.46304 27.0441 46.21221 48.8449 42.52848 49.07545 37.84582 32.75344 62.87651 51.54097 44.89402 41.72974 38.56959 25.60975 11.09869 14.23534 29.29917 37.9021 36.3004 42.03318 44.4185 52.55905 62.90443 65.28242 43.81453
-9999 -9999 -9999 -9999 14.91714 36.18163 32.7137 39.27941 37.45374 40.05072 38.47659 29.14029 27.79016 37.56362 42.36452 42.13107 38.92824 28.21669 8.007324 26.61986 54.0418 62.82465 57.28373 53.07475 50.9827 47.67286 44.55485 43.09573 42.83557 41.3091 38.87151 39.72945 49.37201 60.90686 43.288 37.36322 65.19049 52.40225 50.32644 49.10492 26.20396 12.67356 27.93619 45.50198 50.00974 46.90865 47.69438 39.42097 39.5584 57.46688 52.09544 43.0427 40.98854 38.90436 18.06339 8.00372 20.09656 39.36724 43.71312 42.36311 50.00985 52.0192 60.43276 63.14971 43.57085 30.58225
-9999 -9999 -9999 -9999 10.19456 29.46168 32.01151 32.97871 38.81711 44.40051 41.86345 38.24467 37.70621 33.08678 32.50591 25.52041 13.27798 16.13818 32.07877 50.9357 64.83374 60.66153 52.59489 48.16019 44.47359 45.43851 46.88248 46.14334 42.1861 39.34961 39.91605 43.9521 49.78385 59.77464 49.75579 34.46781 67.09 53.69316 51.38826 41.80679 22.6129 13.53924 27.91125 43.6086 48.24289 48.09298 42.54474 49.73059 47.97907 46.2574 56.94121 45.02803 40.20177 32.38252 10.08841 13.23011 30.28274 49.11651 49.08777 45.70851 55.09322 56.19258 45.56883 24.11719 42.29636 60.1231
-9999 -9999 -9999 -9999 11.72483 25.62782 30.87234 29.50662 33.40313 39.08085 36.02499 33.55964 46.02277 47.37047 31.72693 2.599059 15.6408 29.34466 34.3129 46.28699 53.64816 46.46082 42.04168 42.22018 48.20935 54.02061 50.49687 42.83674 36.54734 33.14986 33.82068 42.2761 50.68749 55.56904 52.41443 29.80288 61.29539 53.90057 49.62592 40.51309 24.3218 15.95087 24.91814 39.37518 43.38645 46.18083 48.69693 52.72583 53.8376 47.79943 59.42421 44.65625 37.74685 24.61945 8.023915 21.25931 35.09315 51.9267 50.00255 45.70329 53.43076 32.44653 36.51784 64.63818 68.27547 53.31212
-9999 -9999 -9999 -9999 -9999 26.79889 33.34454 29.76667 29.86879 36.05422 33.2631 32.19503 45.38528 51.32942 30.19714 20.56703 35.75151 37.38353 33.89674 33.74928 47.22498 41.45803 39.51439 43.3396 51.70201 52.16511 43.52358 38.68457 37.91911 38.50352 41.73675 42.76991 50.67333 57.91323 48.23215 25.40998 56.8413 56.41322 48.1863 44.08354 30.26728 22.4394 31.19601 42.0793 43.09565 47.44147 52.34213 49.45358 48.9422 43.78556 52.25212 41.51958 33.77824 18.54971 7.590999 26.23177 35.95264 53.94441 56.88971 39.48346 36.46315 49.13176 63.43729 58.25351 49.104 40.43488
-9999 -9999 -9999 -9999 -9999 34.46318 37.1608 29.23873 28.05959 35.45963 34.76887 38.75003 52.86804 45.8432 11.99942 42.12927 52.68455 50.25113 48.06314 33.95215 36.29814 49.1486 44.33816 46.02832 51.57961 45.88992 36.50277 33.6134 33.03719 35.25051 45.44016 45.37512 46.42129 61.49697 46.3749 46.99889 59.25013 53.41295 43.18367 44.63004 33.94318 24.06496 34.24066 47.71311 42.68688 45.60832 48.62418 47.63133 43.42379 37.33849 43.54446 34.96715 23.21259 7.887802 3.442809 27.87542 39.33839 47.34597 54.61484 55.39846 53.57407 54.86378 46.68624 36.35653 37.61763 37.22874
-9999 -9999 -9999 -9999 11.60952 34.73323 31.89128 25.46843 28.47349 38.31422 40.00065 49.02604 54.4445 25.42419 17.60546 50.23758 51.14362 40.79504 38.73378 41.4206 35.78152 46.18962 50.77549 47.81204 46.17554 37.9925 33.25469 31.79488 30.29202 33.93257 51.32043 52.98246 45.49677 55.35966 56.13888 66.96861 61.90527 47.90633 37.1118 42.15088 36.17874 19.08424 18.28393 39.27471 40.05753 40.79752 38.93835 35.36135 35.05272 20.56175 19.68591 18.84401 13.45649 0 0 27.82593 36.86333 36.50036 49.74065 59.05738 57.22229 47.45848 38.25217 34.03171 35.21089 38.12884
