data/asc/slope_90.asc
ncols         104
nrows         124
xllcorner     437168.40625
yllcorner     5417446.5
cellsize      90
NODATA_value  -9999
[rows 58 to 86 of 124, columns 0 to 65 of 104]
-9999 -9999 -9999 -9999 22.77887 28.68094 24.10517 24.91601 33.38898 41.72111 47.67041 52.77147 30.28804 16.47648 32.07965 48.01123 48.40952 33.72536 37.71098 47.51192 54.18101 49.19901 45.46348 47.25422 44.38752 35.0171 26.50901 19.02711 17.5983 29.17293 49.4951 55.65285 48.76205 48.04773 53.91505 55.99389 50.5842 48.48623 49.41086 42.10524 28.60707 16.41561 0 17.45926 17.17171 15.3888 11.00459 19.15985 26.56462 15.94061 22.80588 30.50684 24.63688 14.83947 7.044517 19.6733 32.3308 40.0541 38.14108 34.47626 42.08567 44.3648 39.2302 36.17469 32.27798 24.12471
-9999 -9999 -9999 27.13531 39.81281 30.75784 30.14216 30.52416 37.63333 44.24542 50.58661 30.48391 20.41724 42.84346 40.98049 37.84325 42.91071 39.58698 36.27085 41.94637 44.51497 46.24727 46.35453 45.77357 40.02572 36.47788 21.65705 9.686002 7.92665 22.16173 43.3746 46.79173 47.35526 44.23935 46.30064 48.0373 47.89407 47.4427 44.61071 33.96106 18.9133 10.40709 0 12.421 11.22231 9.664102 18.56669 30.51747 33.42934 31.30195 31.46777 39.54094 34.46084 30.55668 22.62519 8.410357 7.185019 20.75874 32.14613 33.10777 32.96776 33.42125 28.91043 24.6004 20.43909 10.10972
-9999 -9999 -9999 22.99228 43.50791 35.96054 37.71922 35.77161 36.62144 42.0354 33.30814 20.13566 48.07735 46.37614 42.08762 39.4349 40.24597 45.14938 36.65102 36.19856 41.2149 45.72948 48.3854 48.2121 38.1867 33.05951 20.13218 7.799914 0 13.65788 39.40684 39.07475 39.4017 42.24568 41.90823 38.52404 32.52574 26.92329 19.98789 12.08701 8.593486 0 12.72785 25.59506 28.74027 29.88782 33.22434 36.51417 33.77673 33.92882 30.23181 42.99452 34.77714 34.70377 32.23596 19.80536 7.082465 0 8.595613 13.71096 16.462 21.5123 22.62427 20.18202 22.01706 18.20544
-9999 -9999 -9999 28.61463 42.02819 38.08202 41.70383 40.40839 36.02312 35.49331 12.82545 43.43671 46.0336 43.51767 50.77103 56.25574 53.47709 41.69817 39.3508 39.82369 36.76482 37.88786 40.46681 39.57579 31.24429 24.02214 14.69091 5.033021 7.631524 0 27.27362 31.70792 26.00302 21.88694 15.95877 7.254934 0 13.95757 15.74479 12.08244 6.080333 12.53098 23.5143 40.93294 46.35606 46.751 44.86472 39.80037 36.44466 44.1475 42.69945 49.96008 42.17729 33.48722 34.86615 31.02831 23.20517 13.09402 2.567577 0 7.518154 17.14858 23.21948 23.04995 26.50717 29.56919
-9999 -9999 13.63792 38.67414 40.45679 37.82193 42.06631 42.8101 36.7514 20.35383 31.54875 46.71162 43.87283 45.45881 45.3531 46.44721 43.60928 36.21759 40.45905 44.86244 38.13053 35.86597 36.74748 31.00489 18.30832 0 18.92535 32.64835 33.12725 26.2009 21.32102 18.72128 12.89332 10.63841 10.53979 12.50802 19.48693 27.35536 31.80708 27.79807 17.23761 16.75846 29.48541 47.07454 47.57413 41.80209 35.436 31.56891 34.76609 47.81253 43.95021 50.31682 51.48438 45.69614 39.97078 34.42746 33.40506 25.74525 12.49488 0 2.842419 17.29359 28.19037 29.51685 33.45228 36.38306
-9999 -9999 22.38712 41.10754 35.77124 37.23048 41.88113 42.88409 31.579 16.55442 48.67608 49.93542 44.54412 40.33911 36.35879 36.98245 41.32978 43.77885 41.6936 41.27084 36.84436 31.67961 28.2347 19.35661 12.05745 24.74444 34.51566 42.32356 48.94836 51.4058 45.74126 37.44397 30.62143 25.93637 24.30223 27.45939 34.35817 36.00439 42.13017 38.57673 28.01606 21.22386 33.13889 47.99671 47.22744 38.80842 42.25468 39.512 42.15606 47.56952 42.8077 41.0413 46.89461 44.45085 40.33346 34.28121 32.65622 30.2812 21.00415 7.536134 8.546552 21.14917 30.21901 30.67105 34.04399 37.07375
-9999 -9999 23.04776 37.27344 32.47587 37.50861 42.29284 41.56738 22.55225 34.94131 53.63863 46.62601 37.16009 36.31885 38.00183 42.20646 41.98786 38.71623 37.01489 36.80322 32.56192 22.6198 17.04241 8.470852 14.2192 35.22461 45.70252 38.76952 47.99601 52.11506 45.51448 40.42069 37.66102 36.46083 37.01009 37.22055 39.56507 35.16133 41.59219 38.4908 34.68686 26.00051 27.81812 40.04198 50.8474 40.80037 36.7569 45.52137 45.3802 53.08794 47.65739 37.04111 46.23144 37.82518 38.79579 41.02047 41.9085 31.925 24.59098 14.90682 15.19621 25.47074 27.62663 30.48476 35.39869 37.85346
-9999 -9999 -9999 32.68407 30.59196 33.97345 40.05068 36.33674 21.51675 51.74184 51.08924 40.07921 37.97442 43.63156 45.14792 43.05098 36.15489 34.11155 37.51773 33.30777 22.52268 16.76062 11.34807 0 19.21697 39.46923 50.34387 46.87299 35.78348 46.32703 44.9162 42.88105 43.50165 42.84027 40.43545 36.62513 37.31393 32.3911 42.49477 36.32378 36.49528 25.72871 18.83575 32.73508 48.96512 51.98198 37.657 40.55872 47.33045 53.83337 43.90364 43.05575 49.6973 37.56705 33.50613 41.07277 46.78817 37.11395 26.54383 20.15271 16.91532 24.38345 23.81016 30.67355 33.93211 33.72838
-9999 -9999 -9999 20.80401 24.55745 27.36132 37.62995 36.4639 30.73627 56.7935 43.47334 39.26726 43.80478 43.92447 41.57962 39.25528 34.10997 31.09402 23.52237 9.599398 2.480605 16.11948 15.92036 12.77636 27.71029 44.92512 45.71 50.94867 43.34003 42.48254 54.96534 46.67543 41.06927 37.21715 35.34706 35.37206 39.90564 38.04029 46.94883 39.36421 34.70623 27.37716 17.60925 27.92859 42.61118 51.23374 47.08748 36.67396 42.62781 47.59517 33.25236 44.01819 49.16528 43.44188 39.7372 40.46148 41.64851 39.45672 30.58344 23.18339 20.80623 23.30541 21.96592 28.67821 26.95647 28.61782
-9999 -9999 -9999 15.46807 19.69325 26.35433 40.29524 43.95903 32.32026 48.59692 40.30092 42.59889 43.89535 38.94066 36.49597 35.98296 28.69605 17.44679 10.42644 22.99672 28.85014 36.01298 35.45864 25.85865 30.38394 38.51147 41.64772 48.7151 53.29537 36.41619 43.82962 48.4246 41.4917 38.22738 37.1319 37.86914 42.61909 42.18953 50.578 45.92424 34.06139 25.76504 17.19277 19.32535 35.67775 49.14354 47.5886 53.11831 33.98457 41.07881 34.14612 43.29123 43.95522 39.33258 46.31212 42.82889 39.1195 38.59168 34.67428 28.18328 20.21466 20.47009 23.95501 29.04052 24.81852 24.46364
-9999 -9999 -9999 -9999 25.18981 30.61881 37.39671 45.92614 30.29856 44.4572 41.77787 40.48609 37.94166 33.6949 34.52916 28.78975 15.51562 8.703946 21.6729 33.2615 35.33751 39.22823 48.35966 42.14718 30.32064 26.03352 38.11126 46.89593 52.18663 45.69396 26.37878 46.18393 51.88813 46.54734 41.82302 37.3782 40.08426 31.90147 41.90306 45.16582 36.15176 27.61085 18.66345 12.90307 27.89704 45.8586 46.20139 54.47627 49.25204 42.284 24.52377 36.71014 41.16653 40.55736 44.81594 43.51272 38.38244 34.33002 33.83111 32.27057 21.42321 27.00212 38.10459 41.80677 35.80543 30.78539
-9999 -9999 -9999 -9999 27.581 29.27932 35.22454 39.70073 31.23478 47.10294 43.60415 39.81678 33.33203 28.47411 27.77548 15.49075 0 13.81323 28.60013 40.00228 41.71297 35.54779 47.539 47.68324 32.86213 20.0078 26.66797 42.04039 48.93773 54.56132 42.63618 21.6817 38.16326 48.43994 42.41642 36.50894 40.51975 30.57382 45.72583 44.89656 43.47135 36.41161 25.87711 12.67622 22.48608 39.03838 41.98709 47.78337 51.95053 55.80053 37.74847 19.89241 43.5965 42.77756 39.07903 40.25015 35.97736 28.81102 29.40274 34.05668 28.17825 29.96687 37.5839 43.66107 51.45702 50.80613
-9999 -9999 -9999 -9999 34.13607 32.20826 40.81282 42.42714 41.19159 48.82453 41.6708 36.72062 28.85193 23.31237 19.33026 2.565642 12.84834 23.16317 35.72787 42.83501 44.32027 45.97074 40.30249 50.96024 42.03335 28.41331 15.50393 30.27411 44.61445 48.86358 52.55082 45.65171 28.51816 31.69888 47.75216 47.15791 43.83603 34.00434 46.2681 47.29306 44.71122 40.66802 33.65093 24.22805 21.83046 31.03008 35.76624 41.00328 50.50804 55.64367 53.33464 9.859968 45.55817 44.67022 39.72443 39.25962 34.03296 23.46125 22.28045 25.90352 21.033 21.27892 29.77821 36.2398 49.2473 49.37882
-9999 -9999 -9999 -9999 28.97716 27.5609 37.00793 43.84235 43.3001 40.67443 34.12791 29.88791 25.44129 17.66482 6.777204 13.59609 25.40881 32.05951 40.59521 43.17406 45.20744 58.48354 40.4617 54.05246 46.57878 39.92033 23.35122 15.71215 34.44325 45.6865 51.58197 53.14165 54.74889 40.31205 22.64611 43.49668 42.99717 36.04764 40.83612 44.30957 41.11349 39.95536 41.6969 37.59821 25.66933 24.82133 33.10067 40.33869 48.26521 53.86591 61.77403 19.12858 45.17684 49.4758 42.8475 38.5238 35.09554 27.38303 19.76846 19.22299 16.58158 18.17089 25.29674 37.73064 58.88102 42.45075
-9999 -9999 -9999 30.2013 25.02412 23.16748 21.81603 25.78119 28.82114 28.3363 29.95026 29.50422 22.4407 9.465778 12.67854 28.42516 36.07843 38.24585 41.90407 42.66784 45.43575 65.05137 48.16403 56.26775 50.42812 45.50714 33.38014 15.46316 16.90096 31.53346 45.59164 47.66316 50.57924 60.45267 47.75483 22.53804 25.3196 35.23168 37.43402 43.42582 42.33313 37.13293 33.79456 31.91188 26.5302 23.81517 32.57845 42.01604 46.11005 53.00327 66.24125 26.09646 40.47707 54.20123 43.20559 37.03784 34.02665 30.27298 23.35264 20.83516 20.06378 18.76649 22.44955 40.7795 51.60088 50.39886
-9999 -9999 -9999 21.8099 22.9469 25.95612 17.42044 0 13.14927 23.08568 29.12428 23.95158 9.423574 12.43051 33.04819 42.27264 42.18486 41.62808 43.90565 43.99524 44.77312 62.81831 53.54375 41.81968 49.02723 43.57336 40.75226 28.02193 18.35357 17.89254 34.98709 37.44311 38.81202 52.41608 60.20471 48.85348 26.51417 25.27298 46.72527 48.56181 47.01331 38.97552 32.08189 28.49989 28.67786 27.1609 33.45952 42.54752 43.90581 53.45209 65.72785 26.75492 34.78102 51.83191 43.82592 37.2884 34.57418 31.75446 26.25158 23.77061 22.03058 19.77139 24.69416 42.48149 42.66636 47.11134
-9999 -9999 -9999 -9999 -9999 -9999 -9999 -9999 -9999 -9999 -9999 -9999 -9999 28.70625 44.8923 45.74355 40.76784 40.9593 47.41365 45.7096 45.82302 54.98994 51.44974 25.43864 46.44723 42.40395 41.68179 41.14223 34.49602 25.47378 28.92422 29.42115 27.45249 41.71511 54.54064 50.25986 45.87082 16.89639 28.81064 47.47675 45.25128 37.68314 35.93978 34.47047 35.20605 35.83923 38.06125 42.22448 43.04823 54.16488 61.19504 29.29657 34.17811 45.2277 42.78889 35.14555 33.16986 32.95113 27.15872 22.24137 19.79377 21.93702 27.183 38.4344 37.78197 42.97486
-9999 -9999 -9999 -9999 -9999 -9999 -9999 -9999 -9999 -9999 -9999 -9999 0 37.22034 42.8306 41.65936 42.89191 48.49518 54.66711 50.42625 47.95473 46.784 45.67512 23.45332 47.40287 51.5992 43.43746 36.10369 35.46601 31.26378 28.11286 24.66689 22.97542 32.39157 47.67336 41.81614 45.0575 39.70796 13.30491 45.88243 50.0804 42.64654 37.67268 37.81128 41.78096 44.49225 44.20759 39.6719 41.44549 55.10345 55.96639 28.76154 35.73472 41.04243 40.10684 35.34355 31.31768 31.01142 28.92092 26.09758 23.15963 22.54587 24.39051 29.27203 30.21957 39.63677
-9999 -9999 -9999 -9999 -9999 -9999 -9999 -9999 -9999 -9999 -9999 -9999 -9999 36.28316 44.59785 45.36611 48.90573 49.89751 44.21527 45.05413 47.7597 44.12123 39.22899 24.1765 33.97197 48.25296 47.08587 41.95991 38.56286 31.44933 28.27611 25.87436 26.94027 32.97735 42.16125 35.55238 39.44631 43.76603 29.67038 31.3251 50.63405 50.85777 40.11199 38.99421 45.18055 49.91225 48.60525 44.65396 48.36576 54.73328 50.29568 24.1865 37.52292 37.50876 33.61325 33.01013 30.34607 27.86859 26.12193 25.9922 24.5692 23.09254 23.34863 22.01042 23.12596 36.76564
-9999 -9999 -9999 -9999 -9999 -9999 -9999 -9999 -9999 -9999 -9999 -9999 -9999 26.93901 48.9057 47.98595 51.20023 55.67779 49.83135 37.47224 24.19231 25.01535 27.12001 19.21679 22.62681 41.64985 43.13154 43.40164 48.95495 47.43087 42.24319 37.60993 35.69351 38.39115 40.98758 35.97307 39.79097 42.03466 36.0391 15.80616 37.52743 50.85471 45.19106 54.17742 60.51803 58.93837 54.73198 53.4991 52.15961 47.05855 42.5108 19.31174 41.58567 35.33112 28.138 29.2871 29.5801 28.86808 24.31821 21.72269 21.79098 21.804 21.09374 18.39348 21.86981 33.80484
-9999 -9999 -9999 -9999 -9999 -9999 -9999 -9999 -9999 -9999 -9999 -9999 -9999 11.61133 42.07994 50.49255 51.22424 59.42381 67.13617 67.20487 63.96081 57.69178 47.78235 32.96709 19.10202 32.86787 48.79333 37.01318 33.36498 37.7471 39.26675 38.71446 39.98857 42.74864 42.38769 37.65495 39.75939 41.28557 35.06052 22.29258 28.77383 51.66395 64.65504 67.89236 61.19834 54.46563 51.72659 48.09875 43.07943 38.064 38.59598 19.12209 44.38141 37.60589 27.27163 28.91701 30.27072 32.70138 31.01122 27.79821 26.28995 25.69257 24.96757 27.29396 34.94468 38.32888
-9999 -9999 -9999 -9999 -9999 -9999 -9999 -9999 -9999 -9999 -9999 -9999 -9999 -9999 20.34801 40.95904 42.44424 44.2022 54.76887 56.18876 54.04045 56.80038 57.40073 47.02396 42.00342 22.55721 33.90145 46.39562 36.37242 30.72733 31.50729 35.91699 42.22239 47.50083 47.54927 45.42972 44.96952 44.19687 35.50092 25.04781 19.55225 27.29742 34.02108 33.02698 32.9551 34.19989 34.3328 33.84951 35.48211 37.10727 34.42098 24.35505 44.09018 50.36261 45.05553 40.74818 38.65186 39.94262 42.55083 42.94907 43.09387 44.13321 47.3019 51.81072 54.22668 48.70206
-9999 -9999 -9999 -9999 -9999 -9999 -9999 -9999 -9999 -9999 -9999 -9999 -9999 -9999 -9999 22.92724 26.55195 32.37468 39.42434 40.89959 42.22314 48.89798 57.58707 51.8001 46.52287 47.01971 17.82771 30.81631 47.78788 43.13636 41.80884 46.92234 52.76439 53.70977 50.79386 48.82854 46.09561 37.02507 22.12942 11.87996 6.965306 6.924886 8.710933 9.571634 13.54666 18.95807 24.54014 28.11925 28.06515 24.79486 18.97473 16.25522 33.05261 54.28767 62.94365 66.01093 65.69275 62.12307 56.50959 51.06981 48.97634 48.51644 48.82943 48.70873 47.16183 42.97979
-9999 -9999 -9999 -9999 -9999 -9999 -9999 -9999 -9999 -9999 -9999 -9999 -9999 -9999 -9999 23.48643 18.79713 22.80854 28.22827 30.41082 35.27549 39.4175 49.53947 53.28785 43.37043 45.63075 42.85599 18.24781 28.36526 44.83023 48.14017 50.22478 48.0632 41.34911 36.67918 33.0112 22.91719 9.528257 10.75077 19.42192 24.09455 24.73531 21.96748 14.86965 7.921774 5.574372 7.798851 11.14207 13.03228 13.49527 11.8812 12.30004 14.11824 29.34093 44.06873 52.96064 62.19633 70.53204 70.62714 61.22986 50.08557 44.58344 43.44099 43.76355 46.59031 45.79392
-9999 -9999 -9999 -9999 -9999 -9999 -9999 -9999 -9999 -9999 -9999 -9999 -9999 -9999 -9999 28.57762 29.31869 28.17262 27.73291 26.99197 32.10211 34.57602 41.22562 47.52448 40.41552 38.56199 41.194 38.19963 22.47503 27.71862 38.10148 35.51027 26.66969 16.65579 9.106576 13.21585 24.61171 31.23369 32.99541 34.03461 35.6679 37.76162 37.74531 34.23906 31.0706 34.01868 38.29803 38.88528 31.40623 19.30236 14.26014 13.8894 10.79366 7.004347 14.62917 27.43979 32.33679 40.55533 55.08915 62.42326 53.89248 44.01739 44.48695 48.24965 52.28367 53.10825
-9999 -9999 -9999 -9999 -9999 -9999 -9999 -9999 -9999 -9999 -9999 -9999 -9999 -9999 29.98218 39.55141 40.50975 37.01457 33.97313 34.68087 35.37083 36.79004 38.1843 39.58319 37.85953 35.88626 35.43172 37.27133 38.87041 23.73451 8.942058 0 14.65955 27.49416 38.70742 46.14833 47.52231 48.55531 52.55301 53.21458 49.406 46.56726 46.7874 46.69901 47.3971 47.95946 49.52411 55.54524 60.96729 56.08829 44.39298 37.48635 26.5204 15.60409 12.61753 10.73518 20.62684 22.92467 28.46159 43.33963 52.22723 51.12356 53.36472 53.25544 53.25586 54.01637
-9999 -9999 -9999 -9999 -9999 -9999 -9999 -9999 -9999 -9999 -9999 -9999 -9999 -9999 31.04803 36.55899 33.65474 34.33429 37.72336 40.38882 40.22891 38.61281 34.74215 31.96511 36.23228 37.36478 35.84847 36.40556 39.75208 22.08915 20.90391 40.51977 50.52222 53.78158 50.79086 45.95144 43.72131 46.11898 49.04724 48.01717 47.62205 49.21097 50.43108 48.32422 45.2882 42.95505 40.1186 37.48967 40.7953 49.77476 47.67214 44.95571 39.55628 25.01434 18.91015 14.71617 9.365143 15.38838 17.01314 24.38905 38.87205 47.02422 44.65912 39.18177 36.877 32.83953
-9999 -9999 -9999 -9999 -9999 -9999 -9999 -9999 -9999 -9999 -9999 -9999 -9999 14.74474 22.95574 28.38124 35.07363 42.26499 44.58268 42.90168 40.19856 36.99691 30.98664 28.85892 38.31414 41.18432 39.65628 40.7095 31.16248 13.79592 43.03659 48.63607 45.07549 41.12263 35.91498 32.82345 33.46527 37.10049 36.90272 36.12228 38.09922 40.73392 46.27202 51.9811 51.2298 45.02115 38.71869 34.56921 32.07788 35.85322 42.36953 46.6198 47.43653 41.09623 31.28088 26.03549 15.32749 0 7.537786 11.84952 14.72872 15.99356 16.84353 17.81665 18.88755 15.60115
-9999 -9999 -9999 -9999 -9999 -9999 -9999 -9999 -9999 -9999 -9999 -9999 17.72912 22.11002 30.14394 25.98614 33.70241 42.92136 46.99514 43.16622 38.79992 34.42434 29.751 31.35782 43.84669 46.42381 43.87652 31.36384 11.48521 40.66324 50.9553 44.21511 39.03111 36.80365 37.36824 38.14541 38.94319 40.28654 37.95761 35.65639 36.91257 38.68652 39.5582 40.68562 42.35595 43.83603 43.15093 39.87787 35.80917 29.3258 34.85741 42.6199 45.71795 44.98488 40.84694 33.56701 24.961 12.89872 10.27934 8.628462 5.678319 8.075686 10.85536 11.92466 9.810836 8.899537
