data/asc/slope_90.asc
ncols         104
nrows         124
xllcorner     437168.40625
yllcorner     5417446.5
cellsize      90
NODATA_value  -9999
[rows 87 to 115 of 124, columns 0 to 65 of 104]
-9999 -9999 -9999 -9999 -9999 -9999 -9999 -9999 -9999 -9999 -9999 14.07054 19.91246 27.0714 34.06109 29.84866 43.91631 40.61124 36.94873 41.64321 42.7377 40.58372 38.24697 39.51662 49.07087 46.63518 24.09655 15.20015 36.61364 51.2696 48.73848 44.1037 41.71946 42.40702 45.4689 48.43291 46.58686 43.10844 39.3622 39.27417 40.75714 43.13151 42.10987 35.9045 29.232 28.28922 31.98491 34.07625 37.12331 31.65463 29.38779 32.61531 35.23716 33.5009 36.31162 32.97346 22.24687 11.15172 13.48394 16.91604 9.093164 5.640182 6.666289 5.765337 7.212933 8.338589
-9999 -9999 -9999 -9999 -9999 -9999 -9999 -9999 -9999 -9999 -9999 13.61156 27.73315 32.18499 36.22041 31.17591 43.76597 41.17589 21.00268 14.37611 20.1937 25.54609 32.57405 36.60386 39.01341 18.74216 22.22997 38.16969 41.21571 49.56471 46.8456 40.6701 38.33847 38.79619 40.18822 40.95168 38.97693 37.28294 35.57476 35.73206 36.00005 35.77365 36.87305 37.63933 34.95287 29.60172 26.93185 25.46508 31.75835 33.8363 29.97855 34.81279 35.36358 35.60593 36.91006 31.38911 14.88395 11.86086 19.03435 29.05753 35.83747 35.57915 30.77158 25.21045 21.9946 19.10521
-9999 -9999 -9999 -9999 -9999 -9999 -9999 -9999 -9999 -9999 -9999 7.808535 30.66137 36.55383 39.54926 41.03919 48.83073 52.89006 43.80713 38.68158 41.03926 41.3738 33.45839 25.21418 17.80177 22.18078 40.49449 41.49339 40.50608 46.72569 40.72234 36.30203 38.50453 41.24597 40.27146 38.38976 40.51917 42.82782 39.91476 35.01134 31.9582 30.33116 31.82407 33.42513 33.45684 31.24396 29.96703 27.68109 31.50053 36.04329 32.38223 39.37729 38.20228 41.48203 37.42826 20.05334 11.62308 25.02862 37.07614 47.43652 54.71268 57.11358 54.46364 46.24415 35.91735 30.26434
-9999 -9999 -9999 -9999 -9999 -9999 -9999 -9999 -9999 -9999 -9999 3.417627 23.19151 37.24476 40.83116 39.41639 41.19976 44.10676 44.37872 37.37339 33.36624 38.07605 46.44541 42.52934 22.26415 41.92697 46.03193 42.74057 38.96313 38.30675 35.78544 38.7777 41.88691 39.45602 35.54015 34.55904 36.69989 36.70406 33.86469 31.8958 31.53191 28.88541 24.05584 22.8004 25.99037 29.44663 34.0829 31.81556 35.07913 38.14198 36.16594 44.30816 43.14293 49.48652 31.88043 2.693485 24.22805 40.53349 43.5922 42.54061 42.66447 44.38208 47.88851 51.93682 51.58986 46.55359
-9999 -9999 -9999 -9999 -9999 -9999 -9999 -9999 -9999 -9999 -9999 -9999 0 27.10911 40.09369 39.92351 39.43304 42.131 45.10448 41.06195 36.14159 33.57232 42.1627 39.513 27.98816 46.70742 42.1559 36.01344 33.35255 31.96616 34.60738 39.49661 35.72572 32.55161 34.2373 37.09758 35.08538 29.27479 25.16521 22.71584 23.12413 28.36115 22.90026 22.15721 28.17232 30.88174 38.39178 37.28573 37.77241 40.20086 43.11633 49.36208 51.89267 48.14502 14.03097 25.01523 50.07391 50.84178 43.64553 38.48554 36.48436 36.71464 38.68377 40.97161 46.79655 49.15914
-9999 -9999 -9999 -9999 -9999 -9999 -9999 -9999 -9999 -9999 -9999 -9999 -9999 13.93591 34.97216 41.58643 41.41094 40.89511 40.38287 40.71344 38.811 37.99648 45.15954 27.20788 36.08727 42.15686 35.88173 32.54353 34.56508 34.95041 30.5054 34.32145 32.41509 30.34912 29.02503 26.16527 24.47511 21.01303 18.99907 16.01097 20.87871 31.48065 27.38567 28.5905 32.67364 35.85357 42.26068 40.39524 39.97632 43.83316 50.76315 51.2527 51.65733 25.8988 26.88176 62.93456 65.69982 48.17162 39.34037 36.52497 35.6245 35.85704 38.12946 39.40007 37.45176 32.50311
-9999 -9999 -9999 -9999 -9999 -9999 -9999 -9999 -9999 -9999 -9999 -9999 -9999 9.496536 25.70797 35.30755 32.8085 33.73633 38.72355 41.88193 40.24272 42.53743 45.01062 17.58953 40.92214 38.95623 38.12781 39.00439 39.95784 39.24878 34.39741 30.97112 35.54408 30.83784 23.79576 18.81815 16.13281 15.10531 18.65325 22.79835 31.50144 39.057 36.95743 36.08685 36.26638 40.10752 43.95208 42.50354 44.44166 47.53127 51.95996 45.97386 35.36203 22.10632 59.34672 66.86874 48.26627 34.92511 32.61055 35.01683 37.34212 37.80832 36.92421 35.20144 33.1017 32.07323
-9999 -9999 -9999 -9999 -9999 -9999 -9999 -9999 -9999 -9999 -9999 -9999 -9999 -9999 14.48948 26.40787 27.64807 30.10798 40.00233 43.97302 41.82199 46.45253 37.68392 19.42261 39.85716 42.41647 44.06387 39.78242 36.76749 34.63172 35.81428 36.0321 37.63568 32.74215 21.55393 13.00635 12.75544 19.62061 31.17972 41.66604 41.47148 45.15047 45.19468 42.35962 40.54857 41.75259 44.46878 45.47049 45.59297 46.95821 48.15996 33.74725 16.32235 50.02618 61.49665 49.76307 39.27031 37.14786 34.02651 32.04943 32.6924 35.36867 36.83209 35.48808 35.90882 46.30627
-9999 -9999 -9999 -9999 -9999 -9999 -9999 -9999 -9999 -9999 -9999 -9999 -9999 -9999 6.266078 21.71905 25.09365 29.90306 41.15984 43.92108 42.64726 45.87417 26.73326 26.20926 45.5382 46.68646 40.75932 35.15976 34.33557 33.98077 33.0988 31.82384 31.86582 25.66034 11.48484 8.691632 19.38201 28.0795 45.99726 47.68981 36.88834 41.00247 45.62316 46.23413 43.6091 42.16116 45.93034 45.96621 43.24662 45.95389 37.47924 14.43901 36.11681 53.93139 49.74987 46.53095 46.73102 40.90556 35.10902 31.46499 28.28841 26.07204 28.8093 36.00535 40.01804 55.02777
-9999 -9999 -9999 -9999 -9999 -9999 -9999 -9999 -9999 -9999 -9999 -9999 -9999 -9999 -9999 22.37397 24.936 33.03751 38.99265 39.04939 41.01854 38.75677 35.65117 38.95466 48.00965 43.35825 36.80955 36.7368 36.55595 34.14754 32.43303 29.87287 24.52215 14.83381 0 12.41645 24.93467 31.10299 55.26796 42.4164 34.35195 42.4692 48.63113 44.38206 39.28812 42.10248 45.52352 40.20211 42.0963 42.12506 19.07875 20.26746 51.27449 49.27875 46.29519 46.81976 41.55864 36.07037 35.28671 35.58991 31.77346 26.56531 25.49762 37.7156 44.51271 59.37503
-9999 -9999 -9999 -9999 -9999 -9999 -9999 -9999 -9999 -9999 -9999 -9999 -9999 -9999 -9999 21.61977 21.49015 31.36188 32.86741 31.69339 38.04389 41.80708 44.34642 36.05924 39.40506 39.44477 38.17039 37.71097 33.88118 27.51105 20.91221 14.21597 6.232999 0 10.82584 23.15339 24.91784 31.42559 57.83922 35.74035 37.35621 44.00002 49.64887 42.52367 39.46624 41.99841 39.00216 35.74716 41.4437 30.66405 3.821845 39.82006 51.57951 43.61748 42.15596 40.15253 34.46164 30.96611 27.15667 27.10961 31.41291 31.96508 27.89715 40.12073 48.82974 62.62556
-9999 -9999 -9999 -9999 -9999 -9999 -9999 -9999 -9999 -9999 -9999 -9999 -9999 -9999 -9999 -9999 12.76796 23.6052 30.40116 29.99663 28.63752 31.4956 36.36738 35.0197 36.53561 40.97036 38.76189 35.64095 25.52473 15.11431 9.884025 11.48724 10.63393 17.74001 26.86135 29.24469 24.94559 33.52541 54.3213 33.23606 40.80912 46.57884 45.22578 37.9389 40.69665 39.82625 34.76227 35.85823 33.61262 7.605186 31.15551 51.30633 48.90235 41.62446 38.76132 37.30912 36.01266 33.5728 26.28849 23.60901 30.40887 32.67173 33.59167 42.32248 53.55056 62.85511
-9999 -9999 -9999 -9999 -9999 -9999 -9999 -9999 -9999 -9999 -9999 -9999 -9999 -9999 -9999 -9999 -9999 12.49462 23.17083 27.81088 -9999 12.05334 23.38333 30.60656 29.08372 36.12552 36.38033 29.4762 15.3859 5.570048 7.817077 21.06554 23.52571 31.83992 36.92561 33.55473 29.31772 38.38131 52.18666 35.3837 40.10715 47.90704 42.47239 39.10241 44.75301 36.33721 30.54275 27.09149 10.2956 24.22565 49.01719 52.85487 45.984 40.1828 39.46743 41.19727 41.37266 37.03468 27.92899 25.37911 35.09725 34.44305 37.16328 44.35199 57.05125 61.36461
-9999 -9999 -9999 -9999 -9999 -9999 -9999 -9999 -9999 -9999 -9999 -9999 -9999 -9999 -9999 -9999 -9999 -9999 -9999 -9999 -9999 -9999 -9999 26.33555 27.66528 32.21414 33.67514 21.68785 8.356171 0 16.89168 30.3508 31.34845 37.33902 37.00154 35.01896 35.32267 42.58177 48.45042 35.97223 37.92165 44.72884 37.66631 40.37668 47.78228 38.27431 31.866 12.2819 21.26449 44.14465 53.75781 49.07257 41.09031 39.81474 43.4227 42.67335 38.15187 26.16273 16.03546 22.26906 39.3625 38.75372 38.87636 46.11 57.5353 60.56546
-9999 -9999 -9999 -9999 -9999 -9999 -9999 -9999 -9999 -9999 -9999 -9999 -9999 -9999 -9999 -9999 -9999 -9999 -9999 -9999 -9999 -9999 -9999 -9999 18.98952 30.29076 27.08379 13.42511 2.505118 8.851252 28.51676 35.35221 36.6614 41.52506 37.93211 36.55535 40.2874 45.19106 42.93286 33.01787 35.0634 38.73486 36.31549 42.35185 48.6461 42.26735 22.4431 18.10891 45.74615 54.04908 51.29619 43.32765 40.28622 42.40982 42.57998 38.62335 29.63617 16.77754 9.584203 23.10201 40.60948 41.786 41.46835 48.72886 55.98784 58.03671
-9999 -9999 -9999 -9999 -9999 -9999 -9999 -9999 -9999 -9999 -9999 -9999 -9999 -9999 -9999 -9999 -9999 -9999 -9999 -9999 -9999 -9999 -9999 -9999 -9999 25.44092 16.50995 6.357853 0 18.86581 37.02368 38.88095 40.02109 41.46106 37.81804 36.47656 40.05534 42.82911 37.05139 31.47193 35.73471 35.48296 38.81473 47.08234 50.4337 32.77098 13.89307 49.96753 59.71133 54.13107 47.15331 43.43951 42.96307 42.791 38.02129 33.8523 24.53867 12.3667 12.31154 27.75715 40.9836 42.97166 43.22166 48.68927 52.51641 53.84618
-9999 -9999 -9999 -9999 -9999 -9999 -9999 -9999 -9999 -9999 -9999 -9999 -9999 -9999 -9999 -9999 -9999 -9999 -9999 -9999 -9999 -9999 -9999 -9999 -9999 -9999 -9999 0 8.043276 29.14652 39.98 37.87438 33.37689 35.24847 38.51922 42.03564 48.37799 48.57808 42.14479 36.78561 36.17624 36.3504 44.02945 52.18618 41.54646 10.20318 50.09897 65.12741 56.96675 49.30782 48.82736 49.42405 45.24346 37.9734 34.60034 33.1445 22.6367 14.58318 19.83043 32.57915 41.24844 41.89057 40.80542 45.95762 48.71843 54.70629
-9999 -9999 -9999 -9999 -9999 -9999 -9999 -9999 -9999 -9999 -9999 -9999 -9999 -9999 -9999 -9999 -9999 -9999 -9999 -9999 -9999 -9999 -9999 -9999 -9999 -9999 -9999 8.68098 19.59254 35.83057 35.71468 32.39893 27.53639 33.61174 41.82797 39.30141 45.25154 42.92811 40.7872 33.17698 31.14297 39.92387 47.92806 45.1179 13.0431 40.45096 61.51101 55.00887 47.29262 47.58035 47.35311 41.63194 34.54803 31.07134 35.87394 32.09753 18.69699 17.49109 26.16763 34.3957 42.07238 40.80628 39.22316 42.83936 45.16579 55.55366
-9999 -9999 -9999 -9999 -9999 -9999 -9999 -9999 -9999 -9999 -9999 -9999 -9999 -9999 -9999 -9999 -9999 -9999 -9999 -9999 -9999 -9999 -9999 -9999 -9999 -9999 7.272428 19.16159 28.65633 33.59998 30.00077 29.74651 29.47027 33.27073 41.19895 39.85218 52.20126 38.65107 27.7703 35.43483 40.80107 47.83675 41.88758 17.70618 29.16344 57.47486 54.79846 44.54195 43.31798 41.3657 37.00479 33.38929 32.34919 34.54359 39.31268 27.45094 16.38686 20.77637 30.86783 32.95567 41.23424 41.32993 41.57703 43.52095 47.32527 48.09476
-9999 -9999 -9999 -9999 -9999 -9999 -9999 -9999 -9999 -9999 -9999 -9999 -9999 -9999 -9999 -9999 -9999 -9999 -9999 -9999 -9999 -9999 -9999 -9999 -9999 -9999 14.69385 26.82039 35.10971 36.20211 32.60643 34.02641 34.98381 36.44094 40.38924 43.35517 51.87162 41.55891 27.12193 31.71924 37.5149 32.61723 15.24696 17.41346 50.26852 56.43444 47.3714 44.11808 42.4643 35.3107 35.68971 40.90622 41.57698 38.75256 33.63766 18.089 17.18346 26.34307 33.25124 32.59096 41.15473 41.74156 44.94547 45.38632 51.59019 31.60975
-9999 -9999 -9999 -9999 -9999 -9999 -9999 -9999 -9999 -9999 -9999 -9999 -9999 -9999 -9999 -9999 -9999 -9999 -9999 -9999 -9999 -9999 -9999 -9999 -9999 -9999 19.6937 25.98277 34.46523 41.02799 41.20078 42.89238 43.0383 43.44028 46.39068 45.86209 48.65815 42.44826 27.95822 14.05511 11.82594 15.36458 14.6216 27.1756 54.3268 48.06374 41.89131 43.86307 40.69869 36.53491 39.60048 42.36942 37.6931 32.18429 22.84293 13.64072 22.86716 32.12804 33.22068 35.13826 43.7869 43.59305 47.77727 46.93843 49.71109 13.34287
-9999 -9999 -9999 -9999 -9999 -9999 -9999 -9999 -9999 -9999 -9999 -9999 -9999 -9999 -9999 -9999 -9999 -9999 -9999 -9999 -9999 -9999 -9999 -9999 -9999 -9999 17.61607 20.50182 34.82026 44.39554 37.45881 43.28727 50.24985 53.91223 53.21664 48.26575 37.13969 22.13548 27.16392 40.31773 45.60346 40.65822 26.71908 28.2911 55.37703 43.82116 40.71689 42.16274 37.7669 34.14785 35.18719 33.92448 27.89726 21.26652 16.29361 16.82564 28.57294 36.46013 33.25755 40.24979 46.52431 43.92848 49.47931 46.86567 36.70935 23.21291
-9999 -9999 -9999 -9999 -9999 -9999 -9999 -9999 -9999 -9999 -9999 -9999 -9999 -9999 -9999 -9999 -9999 -9999 -9999 -9999 -9999 -9999 -9999 -9999 -9999 -9999 5.731307 20.52941 38.34089 47.7319 42.58218 35.62898 37.27302 32.58957 23.98786 17.5922 32.00965 51.0883 53.25737 44.80392 40.45515 42.29159 38.93242 25.14473 54.09327 45.46318 41.63073 39.63095 35.02896 30.87856 29.06014 27.48952 24.33506 13.1161 13.4681 22.03983 34.37318 39.18433 33.58944 43.36626 45.08872 41.4653 47.55082 48.83721 16.2546 41.5295
-9999 -9999 -9999 -9999 -9999 -9999 -9999 -9999 -9999 -9999 -9999 -9999 -9999 -9999 -9999 -9999 -9999 -9999 -9999 -9999 -9999 -9999 -9999 -9999 -9999 -9999 -9999 23.92499 33.18992 34.62166 40.94108 43.88746 43.48799 43.4245 45.25784 45.40048 43.68793 42.59906 45.17518 45.02443 42.21614 42.68985 46.35158 18.53693 50.67825 47.37868 40.39318 38.82018 36.85527 29.96225 25.33907 24.6044 18.71418 2.484044 14.37522 26.26641 38.67263 39.13896 32.18258 42.76445 43.72745 39.19601 49.11988 46.24625 16.35647 51.92017
-9999 -9999 -9999 -9999 -9999 -9999 -9999 -9999 -9999 -9999 -9999 -9999 -9999 -9999 -9999 -9999 -9999 -9999 -9999 -9999 -9999 -9999 -9999 -9999 -9999 -9999 -9999 20.49913 20.8595 24.39243 38.67941 49.38585 47.25064 48.69859 50.78809 48.00819 41.64325 39.36901 40.87029 43.22927 45.14362 49.24754 57.62554 33.43464 42.66693 47.49425 39.56568 40.08161 41.04794 29.34577 25.09864 23.11381 15.38791 6.888794 17.83493 27.58983 39.21338 38.09108 32.61797 42.20862 44.90533 40.88518 51.95351 27.14364 44.8382 54.23994
-9999 -9999 -9999 -9999 -9999 -9999 -9999 -9999 -9999 -9999 -9999 -9999 -9999 -9999 -9999 -9999 -9999 -9999 -9999 -9999 -9999 -9999 -9999 -9999 -9999 -9999 -9999 -9999 -9999 0 18.62235 34.93294 39.0304 35.03176 30.25587 33.40813 38.21478 40.0458 38.5262 36.61625 35.71682 40.11642 54.1361 50.0569 30.16597 47.43509 37.50259 41.4299 43.35066 30.73948 26.34402 17.02031 5.838066 9.693335 22.43635 29.23699 38.29869 38.12318 34.56452 42.9978 46.55704 45.0882 39.61407 29.84171 55.58998 46.68084
-9999 -9999 -9999 -9999 -9999 -9999 -9999 -9999 -9999 -9999 -9999 -9999 -9999 -9999 -9999 -9999 -9999 -9999 -9999 -9999 -9999 -9999 -9999 -9999 -9999 -9999 -9999 -9999 -9999 -9999 7.423416 18.74957 26.15612 26.43295 27.93844 35.65788 39.03105 36.86896 36.30332 37.78723 36.70734 34.59488 43.6042 54.43404 31.14561 51.95611 38.02335 37.81921 41.0462 33.81853 26.02752 9.757436 6.72338 13.96358 23.49154 31.66549 38.58615 37.8684 35.10638 44.58632 46.39473 39.19451 24.3861 47.73111 44.17636 39.1477
-9999 -9999 -9999 -9999 -9999 -9999 -9999 -9999 -9999 -9999 -9999 -9999 -9999 -9999 -9999 -9999 -9999 -9999 -9999 -9999 -9999 -9999 -9999 -9999 -9999 -9999 -9999 -9999 -9999 -9999 -9999 9.611601 15.98095 13.72426 18.45838 28.28 32.0709 34.6834 34.82954 35.23745 36.46774 38.25866 42.18355 52.72826 28.82499 51.21429 38.73606 42.84754 42.41182 31.16901 20.62007 6.496346 5.583589 14.67684 21.54682 29.15523 37.4501 36.60839 33.9968 44.59777 42.11652 25.21714 30.38297 40.34581 38.43995 38.03476
-9999 -9999 -9999 -9999 -9999 -9999 -9999 -9999 -9999 -9999 -9999 -9999 -9999 -9999 -9999 -9999 -9999 -9999 -9999 -9999 -9999 -9999 -9999 -9999 -9999 -9999 -9999 -9999 -9999 -9999 -9999 -9999 -9999 -9999 -9999 -9999 23.65106 29.86489 31.9175 35.09705 33.42224 37.56598 45.2999 54.27488 34.57843 48.90831 43.05028 46.18335 38.26933 22.7549 11.23245 5.580297 -9999 21.11568 21.54438 26.99557 36.40744 36.06021 34.68539 41.62424 34.3508 26.17782 34.45949 37.08738 38.56138 28.26501
