data/asc/wetness_90.asc
ncols         104
nrows         124
xllcorner     437168.40625
yllcorner     5417446.5
cellsize      90
NODATA_value  -9999
[rows 87 to 115 of 124, columns 0 to 63 of 104]
-9999 -9999 -9999 -9999 -9999 -9999 -9999 -9999 -9999 -9999 -9999 24.45942 26.67234 28.74714 26.14464 28.57286 17.06773 31.02385 36.01648 31.56047 33.20945 31.43703 32.77329 29.39451 28.31823 29.512 35.71552 47.1848 39.96518 29.53341 30.65554 31.49622 30.95397 30.88549 28.18264 28.49472 36.67609 29.90624 28.39543 33.23508 31.16536 30.94362 26.76101 33.39517 37.52793 33.89577 28.40929 29.38848 23.17699 30.87958 30.15467 29.79048 25.35692 27.58252 27.06304 25.48209 78.86877 82.03065 85.32857 88.82019 92.68181 93.75659 93.61819 92.57729
-9999 -9999 -9999 -9999 -9999 -9999 -9999 -9999 -9999 -9999 -9999 22.60487 24.66151 28.78763 33.62927 40.457 29.72845 39.61289 62.54693 54.53859 47.58543 36.08819 35.85056 31.71947 27.53857 49.87309 32.4949 33.14544 47.70834 29.63025 29.45704 29.83052 32.40335 31.10358 29.77844 30.1544 36.37639 33.37417 28.2634 33.16671 31.43494 31.80607 29.56989 31.05736 29.14004 29.66403 29.18196 29.36971 30.84607 29.70032 31.66426 31.0406 32.71529 33.54369 31.8976 31.63094 71.56822 71.46871 77.36179 85.39864 31.37843 35.71087 36.46926 90.57399
-9999 -9999 -9999 -9999 -9999 -9999 -9999 -9999 -9999 -9999 -9999 21.67517 21.10977 32.44991 31.06398 31.04298 25.93563 27.02183 35.87076 38.23975 21.73175 25.12399 30.16899 57.48965 62.6823 35.04715 31.05571 32.11111 46.07121 26.48641 30.51463 32.77668 29.96074 28.78472 27.33185 30.18749 35.80283 26.06567 27.50133 31.20147 32.30274 29.94267 27.85061 28.65762 24.4688 26.19042 28.37939 30.98883 30.44473 28.47368 30.81692 29.96611 31.31111 31.64017 33.34818 36.35873 66.36993 58.9395 30.58401 27.47226 29.09738 32.70747 29.66336 33.17645
-9999 -9999 -9999 -9999 -9999 -9999 -9999 -9999 -9999 -9999 -9999 23.79766 22.76486 24.63995 27.68209 27.41655 29.45602 34.82999 35.82222 28.34433 30.02085 31.09557 26.70907 25.53213 60.35878 29.14073 29.86385 30.54233 34.43326 34.40564 30.84265 29.05256 28.06379 28.55417 28.07385 30.38515 35.41284 26.61082 28.49177 30.63607 28.60988 26.03951 29.9588 28.30951 28.62294 28.55688 26.52702 28.80474 29.34362 29.82776 33.22601 29.60236 32.41019 29.51803 34.77403 66.54883 36.84294 29.81343 29.52796 29.76049 32.03539 33.96576 30.48976 31.17717
-9999 -9999 -9999 -9999 -9999 -9999 -9999 -9999 -9999 -9999 -9999 -9999 21.79266 24.04265 24.63171 29.02152 33.79958 34.33732 25.36327 28.69237 29.434 31.04224 27.9592 25.53926 34.93066 30.24483 28.74182 31.85561 33.92498 45.38554 29.24456 25.75358 28.18911 30.99528 27.18469 26.4034 28.35631 29.48389 28.38794 30.16876 27.95003 25.35903 29.3798 30.45452 28.3132 28.73665 27.07624 28.76523 29.82947 30.75851 30.23511 30.05681 31.96907 28.08741 75.8935 52.61508 25.5066 27.96197 32.16804 31.36386 34.37022 31.4857 32.69904 32.75439
-9999 -9999 -9999 -9999 -9999 -9999 -9999 -9999 -9999 -9999 -9999 -9999 -9999 28.48032 22.97111 28.87565 29.05831 26.63051 28.44795 27.33176 29.48966 28.66441 29.00842 42.8553 33.50802 32.33455 32.58271 32.25993 30.94101 31.67297 49.67703 27.50473 29.15214 26.73886 26.45245 30.03894 27.65324 30.52028 27.99159 31.42293 29.16622 25.40071 28.5922 26.84 28.90596 30.15097 29.36602 30.78948 30.8938 30.76743 30.16955 32.37703 29.42902 46.82386 42.10036 28.86033 26.94304 25.14626 30.40574 31.11732 32.9553 31.43425 30.9737 31.45572
-9999 -9999 -9999 -9999 -9999 -9999 -9999 -9999 -9999 -9999 -9999 -9999 -9999 27.71141 24.93235 26.51926 28.66287 27.46522 27.02629 28.06655 28.20927 27.86561 29.45667 60.57227 31.14555 33.76437 31.74616 30.50746 29.21414 28.28242 30.58397 44.9937 27.95911 27.93587 25.4831 29.44936 28.04055 31.02687 28.73873 29.61256 22.44544 23.10228 26.68876 26.91611 28.9851 28.59229 30.24829 31.39055 31.72145 30.98526 28.67169 34.25964 31.89387 46.48954 30.46211 25.6552 31.51162 32.49421 28.42652 29.14233 30.54941 29.92133 30.82527 29.04817
-9999 -9999 -9999 -9999 -9999 -9999 -9999 -9999 -9999 -9999 -9999 -9999 -9999 -9999 25.46307 24.92714 26.26984 27.3287 26.44346 26.9183 30.15672 30.28076 30.5297 42.24855 32.81158 32.64284 28.80173 29.38784 29.71622 30.74492 30.7568 35.71311 29.84089 24.89649 17.79712 30.80233 30.0633 24.57519 25.11331 22.61669 28.07434 25.43173 26.03963 28.86621 27.75083 29.26202 29.65667 31.63216 31.58819 35.49627 33.06607 35.52635 70.59028 32.21484 28.64654 32.18935 28.62416 29.35369 28.91152 31.58676 31.63145 30.11676 25.11364 28.17499
-9999 -9999 -9999 -9999 -9999 -9999 -9999 -9999 -9999 -9999 -9999 -9999 -9999 -9999 29.85071 23.85164 27.47974 27.51637 25.01201 25.38796 30.66014 30.58178 40.39008 42.10774 31.54738 27.58219 30.51099 31.62572 27.63197 28.45278 29.64009 34.70184 32.48851 27.58702 30.11779 27.90931 26.7003 27.77612 27.14665 28.12328 32.66187 27.8898 33.65532 31.57081 28.18437 29.53712 29.65264 30.45493 33.39973 32.30149 36.61137 50.39294 33.94283 30.88156 31.69423 30.66204 26.94294 26.13156 26.67937 28.11888 30.66549 30.71838 29.60448 32.29206
-9999 -9999 -9999 -9999 -9999 -9999 -9999 -9999 -9999 -9999 -9999 -9999 -9999 -9999 -9999 23.6754 29.61676 28.06833 28.74537 31.39237 36.39877 44.85242 29.96823 46.76747 28.22362 31.38355 30.55535 28.31968 27.99099 25.17675 27.03604 25.2641 24.17056 27.78698 26.07979 25.18454 21.33602 32.06709 26.04123 35.06411 34.08234 32.57469 24.83552 34.12313 40.50172 29.88846 28.28983 32.70776 34.11554 32.98751 44.84947 45.66703 30.86942 32.88636 31.54043 28.70347 29.3148 29.16777 25.1822 24.13411 28.04982 29.90403 33.53788 26.93914
-9999 -9999 -9999 -9999 -9999 -9999 -9999 -9999 -9999 -9999 -9999 -9999 -9999 -9999 -9999 26.631 30.28178 30.74173 36.08308 39.44902 34.71018 30.7846 25.54365 33.54613 33.38925 32.20915 30.20436 28.09151 26.76016 26.28739 27.59546 26.5887 30.37674 24.38445 27.0931 21.88878 28.03456 27.81632 20.56397 32.86337 35.48136 40.72869 35.23034 30.19913 33.26863 39.3701 30.98508 33.62637 29.67083 36.04756 78.05436 34.17529 30.96942 34.63941 31.45443 31.10781 30.89716 28.87458 27.97933 27.9134 25.09518 27.20299 32.48909 27.05925
-9999 -9999 -9999 -9999 -9999 -9999 -9999 -9999 -9999 -9999 -9999 -9999 -9999 -9999 -9999 -9999 26.77591 27.68187 26.72681 29.6276 30.48205 28.13672 24.0998 26.99881 35.7841 29.64003 28.74414 26.8609 27.10213 28.29323 27.58118 29.44754 36.26954 27.44395 23.94582 27.56343 29.81842 29.90731 21.37046 31.4232 26.40073 28.51711 33.08503 45.08287 46.12217 37.54939 43.49121 29.62587 32.50937 50.66027 36.97285 32.85912 34.56648 31.4645 34.25776 30.43116 28.71307 27.52539 28.2863 26.59644 26.62484 29.37789 28.0467 28.11339
-9999 -9999 -9999 -9999 -9999 -9999 -9999 -9999 -9999 -9999 -9999 -9999 -9999 -9999 -9999 -9999 -9999 28.01938 25.24585 23.79199 -9999 28.70282 23.21048 25.17621 42.06013 29.947 29.59502 27.86521 28.60877 31.44805 28.05741 24.07795 29.80984 29.93512 28.12984 28.81595 30.19389 27.72098 25.84398 31.6594 23.17052 23.74311 29.42052 31.05354 30.82831 39.98087 49.86478 52.23034 70.59356 40.87855 36.57339 34.6837 30.67178 34.45426 32.0824 30.54683 27.58434 21.98682 25.03563 25.32849 23.58821 28.29309 28.086 29.66273
-9999 -9999 -9999 -9999 -9999 -9999 -9999 -9999 -9999 -9999 -9999 -9999 -9999 -9999 -9999 -9999 -9999 -9999 -9999 -9999 -9999 -9999 -9999 21.56433 29.30832 37.44358 27.656 27.76782 34.10742 25.59674 24.33108 24.4862 29.2971 30.82249 34.1541 31.99801 32.06516 23.9382 26.75309 34.40032 32.25634 27.06548 30.54164 29.62808 28.79729 32.31636 32.49221 46.69372 42.98363 36.31835 33.92548 34.85863 35.9398 31.84199 29.24529 28.21782 28.00312 26.85217 25.96501 25.06314 24.56601 27.74922 28.09784 29.86671
-9999 -9999 -9999 -9999 -9999 -9999 -9999 -9999 -9999 -9999 -9999 -9999 -9999 -9999 -9999 -9999 -9999 -9999 -9999 -9999 -9999 -9999 -9999 -9999 29.51919 28.53091 34.90388 33.36221 28.16121 25.9301 25.75418 27.52136 28.62228 27.91141 35.60398 36.2343 29.57694 29.39459 27.08777 30.29289 35.12654 34.17405 34.25319 32.93987 30.93703 34.27268 34.3055 41.17539 32.16195 35.22343 34.52531 35.41742 34.93211 32.9752 28.91865 26.66996 26.74415 30.34794 26.58671 24.89763 24.48803 27.1626 29.03332 30.74929
-9999 -9999 -9999 -9999 -9999 -9999 -9999 -9999 -9999 -9999 -9999 -9999 -9999 -9999 -9999 -9999 -9999 -9999 -9999 -9999 -9999 -9999 -9999 -9999 -9999 26.1448 28.70496 41.93213 30.2275 24.14909 25.66756 30.23475 28.69141 29.68963 32.38754 40.74559 35.49553 28.85198 30.91929 34.29103 29.98158 33.98011 34.68483 33.23875 31.24053 35.12916 56.65546 33.693 31.07705 29.90625 35.24651 35.79451 33.98784 31.40543 30.69184 29.58567 24.64731 29.52359 31.15976 28.77516 29.17522 27.57262 28.79537 30.37467
-9999 -9999 -9999 -9999 -9999 -9999 -9999 -9999 -9999 -9999 -9999 -9999 -9999 -9999 -9999 -9999 -9999 -9999 -9999 -9999 -9999 -9999 -9999 -9999 -9999 -9999 -9999 26.41543 30.40603 21.24516 25.10294 29.59874 37.3835 37.72654 37.15541 34.7013 40.83028 29.98882 30.12998 30.45485 28.39956 31.80066 31.05893 31.14842 33.46177 68.93773 31.39174 28.82512 32.85967 30.52236 30.11758 32.51263 30.80866 32.64392 31.16881 27.47745 24.61668 29.89723 30.72165 27.94965 31.52464 34.36597 35.75868 37.63669
-9999 -9999 -9999 -9999 -9999 -9999 -9999 -9999 -9999 -9999 -9999 -9999 -9999 -9999 -9999 -9999 -9999 -9999 -9999 -9999 -9999 -9999 -9999 -9999 -9999 -9999 -9999 34.67175 28.72635 25.12681 29.53726 30.55188 35.49245 32.5735 33.69417 43.10929 42.4607 43.56778 33.41991 32.89695 33.09578 29.97252 30.58921 31.68941 65.95012 34.49912 32.25212 30.71033 34.13264 31.12816 27.80549 30.04869 36.81491 35.1294 27.23638 24.8162 28.18779 29.03371 28.334 29.56053 28.99731 31.30996 36.04716 33.85743
-9999 -9999 -9999 -9999 -9999 -9999 -9999 -9999 -9999 -9999 -9999 -9999 -9999 -9999 -9999 -9999 -9999 -9999 -9999 -9999 -9999 -9999 -9999 -9999 -9999 -9999 32.82162 26.63396 29.95546 26.98779 32.14361 32.96848 32.97266 31.43726 28.08147 32.71023 26.39406 33.42131 40.69637 28.78868 27.75331 27.9 30.06865 38.31337 34.26943 32.21716 32.53754 37.26093 32.565 32.1823 30.47379 29.84195 31.6209 32.91528 22.31364 23.60975 28.93302 26.42348 26.13213 30.61156 27.27468 30.05026 29.27834 31.33901
-9999 -9999 -9999 -9999 -9999 -9999 -9999 -9999 -9999 -9999 -9999 -9999 -9999 -9999 -9999 -9999 -9999 -9999 -9999 -9999 -9999 -9999 -9999 -9999 -9999 -9999 25.15516 27.82464 30.1931 31.22038 27.35165 29.81486 30.60215 33.34927 27.92033 28.01445 27.37614 30.43044 41.04665 44.36911 27.04978 31.06423 72.45906 38.41227 27.6969 30.05632 33.41515 33.22888 32.99442 34.65708 32.07926 27.2053 22.81822 34.69546 20.84222 25.63623 27.73348 27.14951 28.42906 32.05536 30.22533 31.01396 30.37101 32.59309
-9999 -9999 -9999 -9999 -9999 -9999 -9999 -9999 -9999 -9999 -9999 -9999 -9999 -9999 -9999 -9999 -9999 -9999 -9999 -9999 -9999 -9999 -9999 -9999 -9999 -9999 26.21382 28.01074 31.73768 38.67793 27.59124 26.58863 29.61698 29.94055 31.42404 29.14734 28.98304 30.76168 29.0137 50.83172 65.27686 44.03466 46.34719 36.23363 27.71388 29.00492 32.08199 31.80109 33.29856 33.5506 29.76484 25.73476 23.70147 26.74528 30.7495 25.94789 27.91545 28.65671 32.11813 33.16255 31.46492 33.70483 31.8662 30.5346
-9999 -9999 -9999 -9999 -9999 -9999 -9999 -9999 -9999 -9999 -9999 -9999 -9999 -9999 -9999 -9999 -9999 -9999 -9999 -9999 -9999 -9999 -9999 -9999 -9999 -9999 27.7998 29.70929 30.37657 28.10254 43.80735 29.99867 29.03023 29.39601 28.67124 29.72058 26.28834 49.73811 42.38453 28.97809 28.38551 30.13214 34.85569 54.07587 27.00125 31.5507 29.85006 29.51216 31.68768 34.63447 30.0866 27.0626 26.47474 24.17102 26.688 27.9635 26.42845 27.68895 31.47149 30.62723 30.5508 32.78157 33.7462 36.02954
-9999 -9999 -9999 -9999 -9999 -9999 -9999 -9999 -9999 -9999 -9999 -9999 -9999 -9999 -9999 -9999 -9999 -9999 -9999 -9999 -9999 -9999 -9999 -9999 -9999 -9999 26.63097 35.52645 26.62125 27.30902 27.435 33.23833 45.28543 47.78289 60.29508 55.6566 26.12605 26.1153 29.07289 32.49192 37.50775 28.23618 28.75086 55.18992 27.89804 29.18231 31.58326 28.71134 31.05867 33.09073 34.03624 31.76446 23.81272 22.08068 26.19869 28.99281 29.49926 29.32653 31.73433 29.92307 34.06678 36.05527 37.21999 38.69308
-9999 -9999 -9999 -9999 -9999 -9999 -9999 -9999 -9999 -9999 -9999 -9999 -9999 -9999 -9999 -9999 -9999 -9999 -9999 -9999 -9999 -9999 -9999 -9999 -9999 -9999 -9999 22.98563 30.0451 39.10062 28.53243 24.67068 29.47792 34.99721 34.81435 29.18954 38.28776 30.52845 28.98928 31.10029 29.31023 28.8071 29.17015 62.33297 29.80509 29.29117 29.10489 29.8245 27.8233 29.60931 33.11039 31.23394 29.8811 25.95997 30.84257 28.26745 28.98901 33.32016 36.2473 35.08953 36.80434 36.24857 35.88121 30.84206
-9999 -9999 -9999 -9999 -9999 -9999 -9999 -9999 -9999 -9999 -9999 -9999 -9999 -9999 -9999 -9999 -9999 -9999 -9999 -9999 -9999 -9999 -9999 -9999 -9999 -9999 -9999 24.84021 27.50937 28.65051 23.75961 22.92975 32.11321 29.61958 26.62373 28.76633 36.68235 30.8564 28.80264 27.6684 26.91524 28.81398 27.41688 32.81524 29.40196 29.94867 29.38802 27.89639 25.27784 27.86682 28.80702 27.91654 24.39756 25.22497 26.82496 28.67348 26.84343 30.72557 32.69966 30.87712 31.35768 35.76972 32.9477 48.28297
-9999 -9999 -9999 -9999 -9999 -9999 -9999 -9999 -9999 -9999 -9999 -9999 -9999 -9999 -9999 -9999 -9999 -9999 -9999 -9999 -9999 -9999 -9999 -9999 -9999 -9999 -9999 -9999 -9999 19.22772 26.05274 27.94475 29.18139 30.13151 31.59875 38.57568 30.87854 29.75655 27.72057 27.99262 31.17472 29.246 26.7417 26.81146 49.52127 44.54277 33.68557 29.68383 26.5161 28.96223 23.24629 24.32779 24.6225 22.90127 26.90753 27.81366 26.84988 29.55797 30.06168 29.27823 30.21887 32.30969 30.83649 31.31297
-9999 -9999 -9999 -9999 -9999 -9999 -9999 -9999 -9999 -9999 -9999 -9999 -9999 -9999 -9999 -9999 -9999 -9999 -9999 -9999 -9999 -9999 -9999 -9999 -9999 -9999 -9999 -9999 -9999 -9999 33.4025 31.00175 27.07897 24.67309 33.6718 25.75212 29.0802 28.3263 27.08676 26.21173 27.8358 30.26493 31.18953 28.20085 44.26927 27.75307 36.35063 39.10491 28.21699 28.3499 25.32159 28.59239 27.33853 26.35419 28.82157 31.5328 30.0808 31.5958 32.96591 32.46782 30.43966 31.43608 56.45116 26.82803
-9999 -9999 -9999 -9999 -9999 -9999 -9999 -9999 -9999 -9999 -9999 -9999 -9999 -9999 -9999 -9999 -9999 -9999 -9999 -9999 -9999 -9999 -9999 -9999 -9999 -9999 -9999 -9999 -9999 -9999 -9999 24.95447 24.37368 31.10855 25.30366 24.0714 28.63573 25.74166 24.54296 24.55975 28.03097 29.58578 32.38567 29.11488 34.97731 30.60513 29.01432 31.03385 29.3611 31.70354 26.47066 26.35383 34.75353 40.73426 30.64257 27.30815 25.93616 29.03552 41.0541 37.99407 39.82062 53.98005 33.59748 32.68872
-9999 -9999 -9999 -9999 -9999 -9999 -9999 -9999 -9999 -9999 -9999 -9999 -9999 -9999 -9999 -9999 -9999 -9999 -9999 -9999 -9999 -9999 -9999 -9999 -9999 -9999 -9999 -9999 -9999 -9999 -9999 -9999 -9999 -9999 -9999 -9999 24.49997 20.09901 19.29111 23.67994 31.33089 29.18309 30.36006 27.14219 32.6685 29.86739 30.2892 24.29819 27.64356 35.05707 32.38064 30.61006 -9999 23.16046 36.00397 32.27796 26.6243 26.89326 29.68347 28.66778 36.43429 37.4169 29.62699 32.5981
