data/asc/wetness_90.asc
ncols         104
nrows         124
xllcorner     437168.40625
yllcorner     5417446.5
cellsize      90
NODATA_value  -9999
[rows 29 to 57 of 124, columns 0 to 63 of 104]
-9999 -9999 -9999 -9999 -9999 -9999 -9999 -9999 -9999 -9999 -9999 -9999 -9999 -9999 -9999 -9999 -9999 -9999 30.53805 43.97344 23.27703 28.57659 34.27099 41.49804 28.00053 25.62171 27.82555 22.55495 33.61164 34.53088 32.62682 29.56159 32.36222 33.32713 34.84797 29.04283 30.09469 26.73946 24.72632 26.09945 27.59603 30.14522 27.05431 28.0385 24.42305 26.11521 26.95503 32.14179 29.97671 35.61295 35.87586 36.56781 38.05006 41.25673 41.07447 38.79654 46.1225 44.88232 41.97176 38.9293 46.81897 38.37901 80.44897 79.20678
-9999 -9999 -9999 -9999 -9999 -9999 -9999 -9999 -9999 -9999 -9999 -9999 -9999 -9999 -9999 -9999 -9999 -9999 32.89918 45.07 28.14688 25.98855 33.49718 33.59137 34.93307 26.65458 28.86375 26.13111 15.7352 20.54683 23.92693 24.31979 27.67979 24.87112 50.86223 28.20892 30.63414 26.25039 26.70139 28.69765 30.68407 29.99499 26.25365 57.17236 25.37905 24.97314 23.6046 31.7455 33.75599 35.30249 40.32538 38.96243 38.55918 40.0327 41.8152 39.63059 43.09822 53.05447 45.766 28.13359 32.4917 87.41534 89.37002 88.21352
-9999 -9999 -9999 -9999 -9999 -9999 -9999 -9999 -9999 -9999 -9999 -9999 -9999 -9999 -9999 -9999 -9999 -9999 30.29144 43.33176 41.43274 30.20899 39.2307 32.18555 26.9757 26.26653 27.53174 19.22558 10.88169 22.52471 27.18228 25.14853 25.0248 27.17288 28.17162 52.17865 25.83135 27.68647 27.16066 27.09786 30.08297 27.91763 27.24787 32.85605 22.64131 23.5253 24.45205 29.59271 34.72257 31.78153 38.01177 36.01527 35.99704 36.47053 36.37861 38.53866 41.56931 40.39893 43.41135 28.62595 33.66967 89.08604 93.6603 93.43768
-9999 -9999 -9999 -9999 -9999 -9999 -9999 -9999 -9999 -9999 -9999 -9999 -9999 -9999 -9999 -9999 -9999 43.61472 47.67105 48.9746 50.53046 41.886 47.45931 31.49916 21.01135 17.99626 16.8674 9.760119 14.05417 17.23888 17.88157 23.70866 23.62921 25.19805 28.27752 31.82455 32.93459 26.69838 28.60866 27.01426 27.05582 28.41308 30.31615 29.8701 33.8134 26.87916 26.98755 31.11599 31.96211 31.27702 31.5815 43.27798 33.61966 36.45432 35.06966 -9999 22.32063 35.02809 48.77157 92.86212 84.60508 85.25635 92.84629 93.14742
-9999 -9999 -9999 -9999 -9999 -9999 -9999 -9999 -9999 -9999 -9999 -9999 -9999 -9999 -9999 38.56696 37.01574 42.19222 43.02916 39.64775 38.98771 55.95753 59.54283 40.45231 29.53816 16.78727 8.106239 9.529444 15.63555 21.26925 20.30448 24.61544 24.12402 24.58818 27.25804 26.66867 49.23543 27.97536 26.57457 26.9166 25.62422 28.06271 28.99778 33.00529 57.36493 27.00933 27.52999 32.54538 30.08406 25.92666 27.58309 35.14751 77.17995 80.17245 81.31915 -9999 77.5787 85.55647 87.58055 92.17002 89.91145 79.52427 86.55567 87.76099
-9999 -9999 -9999 -9999 -9999 -9999 -9999 -9999 -9999 -9999 -9999 -9999 -9999 27.07118 24.82055 32.73141 40.85193 37.95712 36.95246 33.61959 29.54914 32.57241 35.08433 36.35762 65.23381 27.77529 15.78775 7.922263 22.9226 10.90513 27.478 24.11998 25.22912 26.16986 27.73717 26.88302 57.57836 28.7393 25.92681 26.3999 26.38242 26.19476 28.61742 29.35904 49.82615 21.9635 24.51644 23.30254 31.86557 28.16864 30.6257 -9999 -9999 -9999 -9999 -9999 83.96287 86.48782 90.55784 88.1354 85.12312 71.34454 68.28693 77.93938
-9999 -9999 -9999 -9999 -9999 -9999 -9999 -9999 -9999 -9999 -9999 -9999 24.52082 23.48219 29.395 38.84012 35.49752 30.20702 31.34252 29.33657 34.10127 34.33275 29.80639 25.54603 26.18731 39.48174 41.20523 25.87587 14.97144 17.33567 23.43663 26.97792 28.37368 26.82899 26.80264 27.20411 31.81291 29.21219 32.48341 27.49721 26.52314 25.87039 26.29436 25.14478 45.96205 27.30604 24.62951 30.88732 81.97983 85.51879 -9999 -9999 -9999 -9999 -9999 -9999 79.45621 86.27499 88.48206 85.22095 36.7718 31.67845 36.44831 33.35163
-9999 -9999 -9999 -9999 -9999 -9999 -9999 -9999 -9999 -9999 -9999 -9999 19.2625 29.99826 36.85646 31.10981 30.05544 29.24194 27.58087 26.39555 30.24288 33.75762 21.06178 18.68685 22.70567 23.73728 23.95878 62.58441 23.00381 27.59785 32.78481 31.59937 26.42963 29.47118 26.35632 26.35445 27.74061 68.13479 24.68586 23.66324 22.63229 24.80365 27.19565 32.84098 85.25909 86.46911 87.72874 -9999 -9999 -9999 -9999 -9999 -9999 -9999 -9999 -9999 79.64878 84.01797 32.83292 32.47425 31.06622 25.88097 28.99044 31.43132
-9999 -9999 -9999 -9999 -9999 -9999 -9999 -9999 -9999 -9999 -9999 -9999 -9999 25.76525 39.7944 20.90821 26.58708 28.63654 27.87816 21.96523 25.65981 36.71755 18.39114 11.13489 19.03879 20.42406 22.11383 21.55542 57.79306 25.6358 27.84733 28.5842 28.69643 31.19628 30.9979 27.47215 25.29283 80.4837 42.11699 31.61765 33.92863 88.24402 81.44099 90.42059 89.71996 -9999 -9999 -9999 -9999 -9999 -9999 -9999 -9999 -9999 -9999 33.16406 22.37943 48.03139 25.1413 25.24794 31.34972 26.68104 31.66645 31.99574
-9999 -9999 -9999 -9999 -9999 -9999 -9999 -9999 -9999 -9999 -9999 -9999 -9999 30.45366 32.2596 24.52373 29.49368 26.6483 26.37359 23.19255 25.30766 26.34153 13.30867 10.53305 14.87191 19.44135 22.2654 23.83941 28.08977 36.58782 28.79583 30.3437 33.6676 29.55187 31.5125 30.35527 29.47821 81.0946 87.80954 86.82883 90.15727 80.72388 80.13725 89.1926 89.43848 91.01787 90.44678 -9999 -9999 -9999 -9999 34.49051 28.13895 27.52813 24.19092 23.84574 15.39998 51.0379 26.69946 31.4158 27.33209 31.52065 32.57276 31.70459
-9999 -9999 -9999 -9999 -9999 -9999 -9999 -9999 -9999 -9999 -9999 -9999 -9999 29.19196 26.86522 29.82849 29.5771 24.54825 27.99189 26.24457 23.49635 31.70441 25.98254 22.00545 20.05888 22.32753 24.08682 25.12546 33.16557 47.53106 56.28192 35.72233 32.27694 31.80315 34.39436 31.73898 67.2654 80.10869 88.84676 85.81267 88.1936 31.8333 30.39089 32.54622 33.57893 30.84816 84.63773 82.3439 74.51398 36.67879 27.55585 29.33064 30.8453 31.49618 31.74357 30.72028 25.08617 43.89573 33.55177 33.68398 31.12164 29.48191 35.21061 27.26397
-9999 -9999 -9999 -9999 -9999 -9999 -9999 -9999 -9999 -9999 -9999 -9999 -9999 24.5053 20.72348 25.45128 24.08542 28.16687 28.04619 29.06863 30.53316 29.92199 35.01599 28.20183 22.54992 25.25419 28.10847 25.75422 27.40236 28.72093 33.40267 63.36777 70.50204 79.20872 81.63337 84.44362 66.00504 62.20129 84.81207 41.06462 34.17903 30.7441 32.76601 30.19597 28.0781 27.47327 30.57856 71.53107 37.1521 31.11729 28.29065 32.45007 29.6074 28.53651 31.17147 27.84185 35.84764 43.44742 31.11985 37.14718 29.7685 27.4481 34.23351 30.84385
-9999 -9999 -9999 -9999 -9999 -9999 -9999 -9999 -9999 -9999 -9999 -9999 -9999 22.83933 26.0133 32.07512 29.35918 29.12604 32.30722 30.66048 24.75959 30.1622 29.74585 37.50513 30.12773 28.28953 30.97435 29.82439 26.00123 26.61515 30.23656 30.64794 78.61833 79.606 88.39281 89.21244 30.26353 25.33896 28.44838 38.83791 32.53034 31.44736 28.40254 27.72706 30.10609 28.24103 28.58542 32.90144 35.93787 29.1974 32.13692 28.33312 30.35277 31.4184 33.49142 29.57753 26.57269 41.73514 26.32854 38.54396 31.01126 24.70796 30.71494 30.07439
-9999 -9999 -9999 -9999 -9999 -9999 -9999 -9999 -9999 -9999 -9999 -9999 -9999 24.22359 26.78417 27.61913 32.9633 32.27601 31.54983 37.76328 27.89564 28.07571 28.01751 32.74015 35.07803 36.98537 28.25339 27.3501 26.28228 31.27518 29.44867 29.92817 81.93208 83.01154 83.77753 26.21013 25.51503 26.41825 27.50026 32.01615 34.43676 33.15633 26.43987 26.25283 27.939 26.73512 26.27436 32.48995 38.22513 33.4632 30.05495 31.77167 32.9324 31.08245 29.7322 30.09679 33.63449 39.51513 25.63309 28.86873 33.23086 23.71755 25.51037 27.32387
-9999 -9999 -9999 -9999 -9999 -9999 -9999 -9999 -9999 -9999 -9999 -9999 -9999 18.25544 23.7465 24.86352 29.43854 33.2247 32.07995 28.19433 39.13046 21.05224 24.84673 29.32784 31.1287 35.69193 30.88524 28.87569 31.04681 31.1674 31.71532 82.7137 83.0582 83.05244 29.94098 26.98161 26.38113 23.50089 24.23007 26.49896 32.79412 31.00155 30.28255 30.13016 28.60876 25.63688 26.18909 29.18741 39.77026 31.58651 31.90138 34.13096 32.53239 30.87205 29.94852 30.01629 31.01496 37.28929 25.21146 22.8788 35.07927 24.48828 26.45486 31.93804
-9999 -9999 -9999 -9999 -9999 -9999 -9999 -9999 -9999 -9999 -9999 -9999 -9999 23.06687 22.57638 25.45507 27.17349 31.3133 34.08752 34.52217 32.95294 25.11937 24.56516 30.27008 27.23707 30.8892 45.15421 38.10893 81.32821 80.9117 83.55358 82.54405 79.96426 76.65071 29.44012 29.26135 27.71277 29.58869 26.52894 24.95594 31.46862 31.27333 30.44869 27.61699 29.18001 31.36834 30.92967 29.80341 37.39054 30.65467 32.18646 33.23179 33.1025 31.34069 28.62732 28.90575 28.55798 34.54809 31.26464 25.28506 30.89158 26.25769 28.62408 33.47818
-9999 -9999 -9999 -9999 -9999 -9999 -9999 -9999 -9999 -9999 -9999 -9999 24.161 22.86918 25.20933 26.20699 28.51591 32.19994 33.71658 29.90269 28.71232 34.35686 28.0418 22.63452 28.00737 33.08284 59.76638 82.50034 37.63474 31.71761 28.52378 28.0857 30.78314 38.48623 28.51631 30.31502 34.04535 31.02491 23.43324 23.36518 28.67362 29.59971 29.85027 29.12812 29.20992 28.58159 30.53117 27.35324 40.82397 30.27287 31.04171 30.4801 31.47887 31.32026 29.5625 27.55376 26.40306 33.45769 30.94429 28.19143 27.56985 27.48831 33.60335 30.29676
-9999 -9999 -9999 -9999 -9999 -9999 -9999 -9999 -9999 26.30393 26.18835 23.92576 26.67257 24.67725 27.58445 30.53576 30.17048 30.12872 33.33732 30.33364 31.62141 30.38022 36.98006 32.27484 29.54028 78.16058 36.69166 35.67325 29.23953 25.75466 25.4399 22.9548 23.63245 65.19948 30.00776 27.46604 33.24426 32.80054 26.18943 26.35648 28.96479 29.69215 30.9291 25.02623 28.35964 28.95183 32.03935 30.36006 38.96585 29.84197 32.12281 28.32058 34.4296 31.60962 29.20876 27.10944 27.10252 26.85496 30.30533 25.61988 26.76229 33.84384 29.3552 24.83657
-9999 -9999 -9999 -9999 -9999 25.76181 18.23861 19.4178 26.91155 25.93327 27.84359 24.97421 24.82644 28.64151 29.6636 30.16272 30.28739 33.15324 29.93203 31.71049 28.52915 30.64418 29.3859 51.44819 40.08527 30.23643 29.05176 31.93598 31.05858 31.09651 31.83274 27.24071 25.70185 33.03166 32.12618 28.49324 32.16882 27.31411 29.52934 23.27288 26.06232 28.63867 30.0166 26.53733 26.7364 29.60439 30.70679 29.19934 35.27808 30.17196 29.13504 31.44318 31.16444 30.73797 29.70993 25.26289 26.85348 27.80224 28.40056 27.03411 28.56279 28.60894 27.9555 25.95971
-9999 -9999 -9999 -9999 -9999 27.80542 23.71398 27.96511 28.54174 28.45413 32.8233 25.67114 27.62177 31.26512 31.25771 30.37177 31.00923 30.64606 33.52665 29.73731 32.36307 31.85055 52.37544 35.77491 33.93658 35.3177 30.66488 32.14217 31.13933 28.9076 29.60777 28.13682 24.41141 29.84601 40.5602 23.62071 23.89104 27.1804 28.35445 27.70365 26.00166 26.52195 25.59483 26.94581 26.07814 27.32929 31.69705 28.6434 34.23438 26.88658 28.21486 29.80624 30.07418 29.3885 29.18473 28.48157 25.77165 24.48946 27.4675 25.98241 28.75187 27.3412 26.06041 29.37256
-9999 -9999 -9999 -9999 -9999 26.53303 28.99641 42.3632 36.85563 28.92684 32.56487 33.34536 30.93699 30.08197 31.68439 31.61065 28.82447 32.73172 31.56748 33.88264 32.68681 47.27478 36.26972 33.94403 31.94199 31.41933 31.92199 28.98328 32.13568 28.26583 27.95691 28.90711 29.07927 26.74946 66.22953 23.90819 24.31878 25.67651 26.74686 26.05624 23.74671 25.58486 22.29177 25.02818 26.81021 29.63555 30.26 29.06244 36.22628 36.63943 28.25142 25.64237 26.8593 29.48158 28.83158 24.31636 27.21129 24.34073 24.7684 20.10978 26.22667 27.7396 28.50991 28.0963
-9999 -9999 -9999 -9999 -9999 32.7171 42.09835 25.5216 30.6829 34.6251 39.54034 39.92126 30.2656 30.51392 27.7198 30.80795 30.14638 32.78947 34.34518 33.2075 60.8396 40.68719 31.45108 30.59208 32.0158 31.92219 30.06533 28.98909 31.76324 31.17952 29.13821 28.04078 28.59996 27.1219 50.62065 28.56769 29.68797 27.16298 26.50372 24.8298 26.75163 24.93594 25.35561 24.62201 27.76767 28.87143 33.45297 37.82926 31.03458 27.9402 32.95335 32.41105 28.43766 28.20704 23.74837 25.74398 31.90028 28.56365 27.79692 24.68126 27.6437 26.33261 29.36203 27.91721
-9999 -9999 -9999 -9999 16.56812 21.85516 26.18564 27.22815 43.70953 28.61278 29.56295 44.28248 35.43388 32.09482 31.01696 31.35111 33.39439 31.84779 35.11108 62.87428 37.55428 35.93861 33.04128 33.43251 30.74755 31.86609 31.13633 31.58693 31.1357 31.3356 30.07692 28.40083 25.51033 30.73906 29.44549 35.07608 35.1266 34.32523 31.47466 24.2638 20.38154 27.34577 27.28485 25.23077 27.86643 36.48389 35.15057 33.1428 45.54627 24.86076 28.3043 30.57862 28.75422 26.01062 25.06351 26.26405 26.29542 28.49664 29.18093 33.92358 28.75647 29.86063 27.95499 26.66096
-9999 -9999 -9999 -9999 30.28308 26.95458 31.80658 28.18563 29.54801 31.36146 40.09633 52.52363 45.88145 29.67957 30.2174 30.6596 33.26466 38.05543 77.17995 38.21226 30.27292 29.22729 33.47694 31.21609 30.56282 28.58928 31.7825 31.40396 28.20651 28.13658 28.95382 28.78164 27.29449 27.4088 30.6827 34.17279 26.95922 29.21969 27.90217 26.68613 27.52684 30.21731 24.62191 28.49194 31.12251 28.80927 19.89488 47.90433 35.79409 28.19562 29.6528 29.21299 29.45961 22.65384 25.42775 28.73392 27.04272 26.29087 28.57579 31.44213 32.26939 31.46924 27.44741 27.01043
-9999 -9999 -9999 -9999 27.78189 22.71239 24.92253 27.15729 26.608 24.73267 30.16097 29.60777 27.83034 56.64769 38.28742 36.54893 53.05327 39.72929 50.94141 26.06272 26.56269 27.93093 31.57806 32.57785 32.05674 31.04018 28.69731 28.96525 28.82753 28.44718 27.00187 24.30223 27.90913 26.97135 28.62918 39.72165 24.42706 25.96403 24.59508 26.99644 30.64478 28.3772 25.92942 24.03814 25.15659 22.51977 46.54352 24.52186 18.84985 36.30355 29.96211 30.36199 28.29404 20.69965 27.33209 29.73906 26.65181 21.86438 24.41883 27.30252 33.26394 33.31422 32.35738 47.06525
-9999 -9999 -9999 -9999 28.27707 25.50503 26.75087 30.34938 28.29348 27.88174 29.93508 30.70466 28.39507 28.28089 32.67538 81.12853 42.02855 30.14265 55.97972 25.86938 25.51167 28.85729 30.19247 32.29548 29.12471 26.12801 27.36481 29.07241 28.58659 28.96012 26.34224 28.37185 27.53774 29.63822 27.67581 37.65553 32.65277 31.19796 27.22022 28.22874 26.6611 28.49527 24.53311 25.95976 30.24581 41.73775 34.42155 23.09035 19.3432 40.5433 25.99063 29.41504 27.85779 27.46167 26.49915 21.94789 27.29753 27.21921 27.83562 41.78817 30.1516 47.06826 34.47433 21.64278
-9999 -9999 -9999 -9999 -9999 26.74873 25.69161 28.74317 30.11775 29.43911 33.13971 30.93407 28.11461 28.67957 28.52865 31.58984 25.88009 37.0018 29.68145 42.41805 25.63317 28.80971 28.95011 30.46023 29.18954 25.21964 28.17755 28.0641 26.43624 23.90988 23.99963 26.0606 25.35079 27.08249 25.63369 49.89066 32.32002 30.19806 28.50092 23.95404 27.74141 23.74229 22.94778 27.60668 29.32243 28.89179 33.55343 22.4739 26.53481 36.743 26.78746 28.47593 24.482 28.36836 23.61441 21.10519 30.12923 33.50893 39.05831 30.23795 47.56438 31.77282 30.38988 23.55282
-9999 -9999 -9999 -9999 -9999 24.08883 26.13721 30.95473 31.51002 29.33818 29.54577 29.59782 26.84118 26.96428 65.4178 24.4498 20.57732 24.85112 29.19039 28.99597 29.47908 26.38363 27.98804 26.11152 26.08323 26.43219 27.74946 28.893 27.90518 26.23788 22.97466 25.46164 33.55284 31.61285 38.31096 28.9171 38.28722 31.33333 30.61769 25.76025 24.52985 23.20639 17.5871 22.77707 32.06856 25.90942 27.38406 18.9971 24.6123 31.43586 20.80496 23.64399 23.74322 23.72841 28.6353 30.7648 30.04097 25.78081 30.95067 33.17558 26.90027 33.06657 30.59249 27.66487
-9999 -9999 -9999 -9999 18.53287 25.58733 30.13606 35.07355 32.12804 29.65937 29.48774 31.01102 26.58369 41.30849 40.83765 25.12726 22.24087 25.61161 31.41089 31.60579 30.16592 24.98933 24.21303 25.98325 23.84617 27.93663 26.29709 23.90892 24.97077 21.83373 23.06461 28.97346 33.96463 33.49644 38.77214 27.63713 29.78247 28.68519 43.58441 27.0836 25.34417 26.81134 20.98993 18.15539 29.29781 22.72686 26.40209 18.59681 23.02656 23.76844 21.98297 23.18325 24.34813 26.25865 29.0095 19.98441 30.71136 38.58198 26.62468 34.5554 25.3475 30.80313 32.13072 28.7991
