data/asc/wetness_90.asc
ncols         104
nrows         124
xllcorner     437168.40625
yllcorner     5417446.5
cellsize      90
NODATA_value  -9999
[rows 58 to 86 of 124, columns 0 to 63 of 104]
-9999 -9999 -9999 -9999 27.95043 29.76954 39.19147 35.21368 33.12009 29.63195 31.9718 27.41091 35.30944 35.91883 51.59081 28.74526 23.33821 25.82762 28.37233 30.20296 29.21148 33.53947 36.51234 24.58147 26.24309 26.58032 28.57771 29.02285 24.91762 25.10942 24.42725 24.76628 29.4432 38.34549 29.164 32.14405 26.42381 26.52176 25.51291 28.08604 25.06952 26.17487 28.67263 24.14063 28.55092 25.41034 28.40594 20.79278 18.87333 20.58476 28.02225 25.79908 25.41881 25.61381 23.13528 20.40029 24.35809 19.84568 24.42118 30.93434 25.99489 27.90382 29.09757 27.64934
-9999 -9999 -9999 16.24571 23.16369 29.44046 33.87995 36.91729 35.75795 33.25423 28.69547 34.67496 31.20948 30.5177 33.63846 48.75863 27.32726 24.74452 27.672 28.23907 32.40147 34.0088 31.15506 39.43963 31.52708 23.97494 26.79142 38.00232 28.14445 24.76536 23.37586 28.21787 31.53227 33.06314 27.99347 27.64471 27.21119 23.31801 20.98946 25.55871 36.44549 29.25926 24.92578 26.36153 30.89091 26.35531 24.11852 22.75586 27.59291 28.2201 37.54443 28.16318 26.66195 27.74018 23.17498 28.10649 27.73198 23.73737 26.34751 24.60543 26.92558 25.86291 30.29991 30.75829
-9999 -9999 -9999 21.99268 22.72577 24.53454 28.85371 35.54646 37.39262 39.30693 37.45042 39.25014 27.68253 27.70626 33.802 38.53826 42.89137 27.59418 29.99065 27.26689 28.0748 29.4691 31.48549 24.09466 33.93744 29.09875 32.96598 30.91113 31.49869 25.84282 23.00643 29.85804 28.55079 25.72034 23.75276 23.26717 24.6741 26.56019 23.41584 23.89612 25.20859 30.11934 27.6593 23.24212 29.92206 24.21831 24.8968 24.82654 30.2108 27.4655 31.58796 26.37338 28.80608 29.31417 26.43019 29.43524 28.97071 30.94418 23.30598 28.08222 30.93827 27.39222 28.54207 28.85029
-9999 -9999 -9999 23.73456 22.91475 27.19505 27.7561 29.91306 36.36242 37.4808 68.6871 31.13344 33.79749 28.68009 27.63509 28.95243 24.76267 44.18848 31.44698 28.53827 27.47721 30.06871 30.64156 26.79214 24.39621 31.49808 23.42193 26.69804 31.97755 25.64755 17.59537 23.67445 25.45369 27.32336 27.47444 28.88249 29.69892 23.51745 28.26647 23.05564 23.94185 26.64755 33.75859 23.866 30.09002 25.16916 24.15142 25.65256 29.72766 32.75783 17.78926 22.06201 29.35988 35.73474 29.50152 23.68582 22.16852 33.56648 29.59094 28.4738 29.34754 26.77806 27.28184 29.63647
-9999 -9999 22.29968 19.5896 25.80858 33.22458 30.68171 30.44417 33.5903 34.99942 32.76933 35.73291 34.17987 30.83258 29.01452 29.12728 30.21148 36.84964 32.62778 26.35926 28.57188 27.30219 25.71442 25.93077 27.72653 25.15983 20.35687 18.81698 23.86743 22.88756 20.51814 21.85757 24.14745 23.60338 26.3253 29.98403 29.78297 28.10951 26.55392 26.7271 24.01192 26.5348 25.63718 32.1711 33.01469 33.01833 26.97992 31.78486 29.9894 26.74813 37.13098 27.54827 27.1305 31.15051 26.64729 28.89585 27.13977 30.59848 28.34559 28.49502 29.49623 27.28901 26.73721 30.43391
-9999 -9999 22.49829 25.59305 29.73584 31.8312 33.26131 35.02082 40.99784 51.78881 29.44441 30.6976 35.13207 33.12606 31.14909 30.39841 28.1714 30.0021 35.47486 28.79916 26.43844 25.76106 24.2367 26.99229 28.24937 25.57434 34.08152 24.14332 24.02616 19.97237 22.63037 22.32015 23.46828 25.42959 25.38675 27.89664 28.07733 34.35413 31.76781 23.56576 25.25814 26.62231 24.79119 23.58959 31.5917 41.40585 22.23719 25.47537 28.54239 27.63037 26.41712 25.5849 41.40102 31.58614 26.32792 29.47299 37.36325 28.93961 28.74811 32.95596 29.97039 28.36794 26.61298 31.14122
-9999 -9999 21.75311 22.53517 28.74121 28.80056 27.86082 30.12741 38.36192 35.22099 32.45163 27.61464 35.27891 34.49858 31.92758 28.78199 25.82088 29.36868 30.57458 35.6363 29.06326 32.14906 25.22971 25.87655 26.47408 23.30343 24.80184 36.03856 29.40735 25.86248 26.82413 26.98441 28.3266 28.6295 26.42413 26.73911 29.68604 39.82893 29.27236 29.13422 23.85111 26.93182 25.15651 28.52886 28.61903 37.16317 24.62217 25.90366 27.8421 28.15274 25.04363 45.45373 29.66572 28.54506 26.73882 38.82538 29.5483 33.45477 27.21288 25.89615 24.43327 27.24524 29.46458 30.91639
-9999 -9999 -9999 22.22672 31.92944 30.50215 31.01152 38.47583 58.34308 28.167 31.64194 32.92478 29.80919 30.99758 29.79802 27.35196 28.6107 29.1185 24.63596 24.17171 30.38852 28.47929 23.65285 25.93769 26.07609 24.69458 24.41483 23.42617 41.52922 26.66749 27.94342 27.23275 27.53235 27.29094 28.65229 28.4676 29.20828 35.52691 28.58668 28.36086 26.92166 24.60043 29.1104 24.76305 26.83299 28.39756 36.47966 22.61585 26.27128 27.56381 31.96921 30.68022 25.81452 29.57988 30.3635 34.39677 27.99882 27.48404 27.94062 25.59382 23.07502 27.53634 36.11724 33.30704
-9999 -9999 -9999 23.27086 27.90778 35.10841 40.66687 40.77657 55.93171 26.60707 32.26472 32.44841 31.29203 27.40427 29.02451 27.55867 26.08359 25.16084 22.24999 20.44959 25.9339 25.75604 20.06824 27.47331 23.94772 23.13915 27.02979 26.27781 26.82925 30.30578 26.73904 27.87835 31.08356 31.10084 32.10758 30.80389 29.89638 31.13739 25.42054 31.68597 30.26385 24.19566 27.57986 25.37432 28.6911 29.93756 33.00396 38.38733 23.66957 24.59818 37.33241 30.32255 28.08129 21.08126 47.04876 31.0672 30.61979 27.54128 26.63768 30.29018 23.82743 23.4322 29.32711 31.35731
-9999 -9999 -9999 18.82675 30.81184 40.07829 29.6517 22.69003 43.88138 33.45354 29.58457 30.06582 26.81508 30.60385 27.23172 24.72754 25.52745 28.1152 20.17135 24.32999 28.12693 23.73508 24.73251 25.54925 21.79378 25.77193 29.87374 31.87985 27.50924 39.59318 27.01548 31.03408 31.29547 31.56833 31.90248 31.77539 30.59251 32.14299 26.48187 32.14759 30.56976 26.69355 27.24372 27.86729 27.13369 28.30065 32.31153 27.52477 47.0562 24.32447 30.99083 24.21181 25.68922 43.86576 25.40075 28.51363 28.94474 28.1385 27.99781 27.27959 26.57486 33.95367 28.02041 27.84982
-9999 -9999 -9999 -9999 29.56998 32.11576 23.2243 24.51619 36.30002 37.60115 35.24631 28.27167 28.76886 27.80663 25.9592 22.23845 26.27754 28.20825 25.20276 27.99027 35.33165 30.38528 25.89507 22.74124 22.83187 26.86312 23.73787 26.336 27.63654 28.87679 57.35575 29.41305 30.25349 30.18347 30.34862 31.39908 31.00588 33.89524 35.28185 29.27432 27.11907 28.53156 27.42895 25.50424 24.72694 23.35212 27.13651 28.3621 31.41601 28.83491 59.49489 26.30125 48.95911 29.28408 29.18994 30.46075 32.04977 29.98236 30.58084 24.58699 27.07473 29.08942 25.2147 25.80038
-9999 -9999 -9999 -9999 32.12474 28.99008 27.80946 27.55298 36.16234 29.28395 33.49789 33.17488 31.52986 29.35107 23.23396 24.36014 24.36983 25.52545 27.83124 27.67169 27.66102 43.52876 27.80599 25.23288 24.6835 26.72471 26.14213 26.13016 26.89239 27.4529 29.8513 57.04517 31.36248 32.86236 32.85196 34.27501 29.42536 47.9392 26.11919 25.93437 28.77682 29.39505 24.13887 29.01566 26.88592 25.53374 26.2622 28.5675 27.07331 28.04397 31.43891 54.03906 30.96105 34.48534 38.44995 32.41054 30.95954 32.5734 33.81356 26.14977 21.37363 24.13157 31.89858 31.83494
-9999 -9999 -9999 -9999 27.92118 27.25241 26.43443 31.6592 30.47814 27.97417 29.70688 30.69631 31.68591 33.40327 23.90585 26.55404 26.55393 24.32472 23.29238 26.83169 27.9071 29.37725 30.72517 25.4019 25.28106 23.59924 27.13289 21.03529 26.19428 29.90463 28.54116 29.75867 35.90199 38.38063 29.09859 30.79077 26.04086 59.02553 26.91514 29.31778 29.96145 29.09036 26.10524 22.50448 24.9155 25.9257 26.77686 28.28128 27.02663 27.28221 25.20728 59.41014 35.46887 35.29499 31.11021 33.42043 32.84677 37.15602 35.81366 28.05322 26.87979 28.56473 27.43217 34.65373
-9999 -9999 -9999 -9999 25.4984 27.74686 29.98748 27.21385 32.07441 29.47145 27.1254 29.46789 28.94503 28.47488 30.49375 21.86637 24.88113 28.33363 25.51569 27.89229 27.228 26.43047 49.21632 27.40933 27.20703 25.79536 23.68031 26.82546 20.40778 24.4223 25.32025 25.22616 26.54091 27.41297 47.67749 29.10584 27.79452 37.7657 31.2943 35.38243 30.76431 26.04533 24.01158 24.25431 24.54655 25.73775 26.75378 26.53614 25.62038 27.0779 25.85169 57.84965 33.06941 32.94705 33.79946 31.17692 31.63062 35.93195 35.76089 32.44668 29.32602 25.69319 27.68549 29.01473
-9999 -9999 -9999 25.21082 26.50287 31.94425 33.27788 25.10228 32.21945 34.31273 28.64874 24.44622 23.44709 29.45132 25.00801 25.59691 26.33425 27.17121 28.06545 28.99194 29.70205 27.71233 40.44212 24.15873 28.88445 26.44324 23.34374 26.60588 24.94948 20.89744 21.75437 23.63411 25.0488 25.52583 26.16672 52.13909 41.57964 30.38219 41.29005 28.78311 27.54913 28.49469 31.74316 28.73613 25.22296 23.3762 25.59899 28.30451 29.63877 28.97799 27.15951 48.09193 36.70494 30.21729 33.01302 34.43294 41.39063 32.3419 30.37029 26.77864 30.53704 26.65195 29.33709 28.6835
-9999 -9999 -9999 19.7158 22.85931 20.80142 25.7702 29.40574 29.14341 30.08892 29.15522 22.08433 31.1315 20.65257 19.22613 27.46403 27.60137 30.23721 27.93293 29.13452 30.46667 27.70579 30.04255 29.35483 34.15696 25.96362 23.78191 23.58398 27.15128 26.5877 19.96204 24.65807 25.3456 26.6922 26.36733 25.86727 33.89775 41.23734 28.35307 29.22899 27.31187 31.56225 32.15878 31.53349 25.79175 23.58346 26.23833 24.26924 28.0913 30.03895 27.23625 37.30183 38.76148 33.28268 37.89102 35.73094 32.159 29.75123 29.22894 30.17581 30.2734 29.39055 27.83088 22.57842
-9999 -9999 -9999 -9999 -9999 -9999 -9999 -9999 -9999 -9999 -9999 -9999 -9999 19.22369 25.63658 27.24114 36.36845 27.84164 29.05071 30.9955 28.75032 28.91385 29.50019 38.70495 25.37303 28.63969 23.52168 23.8968 23.15612 26.44439 23.3783 24.45213 29.26975 24.39779 23.99977 29.78875 25.30897 34.22253 33.28658 31.55046 33.7418 33.27399 29.42173 27.36101 25.92682 23.25467 21.17395 26.24706 27.83788 27.3668 28.37863 35.37242 37.23007 36.9161 35.96731 32.93637 31.26102 29.02585 29.56459 35.53752 32.29376 31.30444 26.42464 26.47639
-9999 -9999 -9999 -9999 -9999 -9999 -9999 -9999 -9999 -9999 -9999 -9999 22.14552 20.20967 29.02028 31.53666 38.00969 26.9056 26.79921 31.07211 29.95628 29.62096 27.8206 49.26151 28.09253 23.06414 27.63945 32.29558 27.07419 25.11868 25.45381 28.1277 27.91269 26.79808 22.17953 28.33246 27.11629 27.4961 55.96209 31.90808 29.66439 30.2644 27.68701 29.08349 28.50439 26.95425 22.80055 24.91091 28.45537 26.88152 29.61499 33.65573 34.87553 33.558 31.50498 31.67198 32.92548 30.85751 34.32896 29.73103 29.7664 30.24751 30.48535 27.97171
-9999 -9999 -9999 -9999 -9999 -9999 -9999 -9999 -9999 -9999 -9999 -9999 -9999 20.93387 27.79985 29.96269 30.74233 33.72018 47.06692 30.27525 31.65403 31.18553 28.67307 55.75134 30.97954 29.85585 27.03426 30.29396 28.31518 29.10014 27.94427 29.89622 28.73905 26.92189 23.44816 27.88553 27.39574 25.53219 24.72851 33.98488 29.0808 27.36296 25.95684 29.99804 29.49591 27.70934 26.21046 26.2581 24.39183 23.52943 29.38152 35.40562 33.5221 34.89899 34.3012 35.2416 32.42731 35.42307 33.71508 29.38558 32.19434 29.08974 32.75864 32.25106
-9999 -9999 -9999 -9999 -9999 -9999 -9999 -9999 -9999 -9999 -9999 -9999 -9999 22.29169 23.3556 30.23092 31.57904 37.81531 25.43604 28.74013 56.17672 60.93227 58.74693 44.99792 44.32667 29.36728 30.86703 32.59129 24.59011 22.71505 26.66027 28.43968 26.99757 28.54838 26.77896 30.10777 25.02114 29.39339 26.88797 66.91687 36.27727 26.02155 25.69392 27.7481 27.92984 26.42727 27.5947 25.57208 23.95194 27.53071 27.99404 42.98075 31.92775 36.32397 36.31654 36.08941 35.29756 33.81047 35.33053 33.12211 33.2935 29.81015 33.28582 35.68323
-9999 -9999 -9999 -9999 -9999 -9999 -9999 -9999 -9999 -9999 -9999 -9999 -9999 21.4919 23.43475 25.4621 25.14254 24.34302 23.64529 27.97924 25.40117 26.23739 25.91757 32.63671 44.32479 32.48716 26.66455 38.32075 32.56893 29.95627 29.40462 30.81017 28.32391 25.96424 29.15575 29.25622 30.0347 28.12204 27.32641 32.72062 47.03601 19.48659 18.44605 25.18206 31.15717 29.68986 28.54005 28.51963 28.9085 27.46463 29.58792 53.47663 30.54476 34.56306 36.16065 34.58708 35.56968 32.98896 30.78529 31.76305 32.86424 30.08759 31.86445 33.48074
-9999 -9999 -9999 -9999 -9999 -9999 -9999 -9999 -9999 -9999 -9999 -9999 -9999 -9999 22.53116 16.84133 23.13421 25.33745 23.48102 27.31217 27.16091 25.61944 28.67487 29.88725 28.31666 35.89073 36.62718 28.14088 31.09311 31.4114 32.48403 30.83094 28.6393 28.53147 28.74024 31.17683 23.94572 29.7106 30.65339 81.38782 82.56336 83.32957 32.93467 36.96857 38.23814 35.95794 33.91225 32.5414 30.96927 30.76099 25.3231 72.15887 27.13016 28.60388 32.35619 33.63083 33.9682 30.82615 30.35371 28.12671 29.91311 27.34669 27.3412 28.10985
-9999 -9999 -9999 -9999 -9999 -9999 -9999 -9999 -9999 -9999 -9999 -9999 -9999 -9999 -9999 20.37558 19.60175 20.95438 25.64735 24.8378 26.36253 25.70877 24.31349 27.87099 30.34091 27.99808 37.59834 31.51599 28.09989 29.31231 29.93618 29.99756 28.81416 26.3905 29.33124 31.70517 31.82164 28.78078 35.49942 83.30844 84.19633 85.2123 85.30717 86.69574 85.15933 84.05351 82.64524 83.67588 82.62136 80.94776 80.62914 78.25137 33.9315 29.87238 30.86417 28.30948 28.4876 29.22902 28.10065 29.23407 31.14404 28.76631 29.848 32.39154
-9999 -9999 -9999 -9999 -9999 -9999 -9999 -9999 -9999 -9999 -9999 -9999 -9999 -9999 -9999 27.10717 29.66465 24.86428 24.48983 25.5258 22.82647 27.55989 24.93933 23.99867 28.73101 28.33328 30.72117 35.6439 32.53865 30.42187 29.29361 29.58405 32.34898 31.85781 33.55265 32.39911 40.06965 83.2713 82.5458 81.68775 35.16621 35.87548 83.67709 85.94959 87.06091 85.9567 85.05694 85.99988 87.00452 85.47715 86.13741 83.52757 83.75426 35.17993 31.09774 34.6958 31.12237 29.46607 26.7522 29.53589 31.30825 29.2653 30.74643 30.48107
-9999 -9999 -9999 -9999 -9999 -9999 -9999 -9999 -9999 -9999 -9999 -9999 -9999 -9999 -9999 28.47336 25.19444 27.41751 23.35911 25.11624 24.37301 25.10297 24.58635 24.38312 28.59603 31.7233 27.54433 27.13229 37.32161 36.90952 30.30523 29.40423 34.16063 42.05745 75.00761 62.24379 42.94581 35.03971 36.03288 33.84137 34.46296 33.17086 34.44206 41.05235 42.46304 37.72714 34.24495 33.25684 40.8984 85.20567 86.52859 85.41351 84.82125 86.47897 81.75077 40.60237 39.89451 37.28313 33.51991 29.26645 30.08891 30.87251 31.92777 30.56074
-9999 -9999 -9999 -9999 -9999 -9999 -9999 -9999 -9999 -9999 -9999 -9999 -9999 -9999 21.45331 27.16644 26.96289 25.66819 29.0933 25.72073 25.58126 26.38759 26.87496 26.73502 28.38932 30.06634 30.22616 31.85167 28.91449 26.08104 74.29091 82.05257 51.58383 36.46936 30.78096 36.48933 39.03437 34.39766 27.57847 27.62296 31.59311 33.20264 36.4879 34.72375 33.73792 35.26128 32.29708 29.98176 26.44386 26.16622 32.56936 26.68675 81.39346 82.4131 81.81514 82.64156 82.89131 80.49625 39.25973 36.85074 27.29373 29.76329 29.67739 30.02354
-9999 -9999 -9999 -9999 -9999 -9999 -9999 -9999 -9999 -9999 -9999 -9999 -9999 -9999 22.42801 30.39502 33.34835 28.48832 26.38161 28.34458 27.84321 26.77435 29.11323 28.81617 29.42535 31.24762 30.44656 31.24681 29.51297 30.80024 39.97893 30.07466 31.17735 30.14385 30.14062 34.00862 38.89088 30.62796 28.86114 30.07967 33.09908 31.95908 33.81715 33.96326 33.43499 35.12738 31.05109 31.90074 34.29591 27.82259 32.60865 26.76115 29.55322 73.11356 79.33779 86.19769 90.16136 89.13734 87.98479 86.75609 27.96936 26.96435 32.83051 35.6163
-9999 -9999 -9999 -9999 -9999 -9999 -9999 -9999 -9999 -9999 -9999 -9999 -9999 25.46149 34.86781 34.0898 35.57351 29.80187 26.50174 28.3059 30.45595 30.31197 30.04598 30.92792 26.24035 27.35373 28.0142 30.52501 31.10485 58.22547 30.70345 31.19398 31.05767 34.05437 32.5369 36.34308 42.98001 33.77069 30.09217 32.31259 33.48652 34.23951 32.99444 31.18659 30.09201 34.35322 33.60569 32.93318 31.68806 31.31989 27.54595 29.66014 32.34906 27.54709 33.48593 87.36592 90.09679 91.3548 91.91643 91.27589 88.79672 83.82514 80.60412 81.56276
-9999 -9999 -9999 -9999 -9999 -9999 -9999 -9999 -9999 -9999 -9999 -9999 26.00929 27.14936 27.63491 32.40847 39.15936 30.8294 30.07051 29.84771 32.1353 32.37396 34.24757 32.18289 27.40144 27.77012 28.77034 29.08027 72.85989 30.75204 30.92788 30.9374 32.10121 32.13118 31.26096 32.09871 44.45366 31.20822 30.60394 34.6471 31.44689 33.77076 32.57883 31.1659 32.8239 31.47179 28.20935 28.53719 30.3272 30.84676 30.56377 28.91019 23.78158 25.57165 21.78325 28.34904 86.55936 88.81088 91.18731 91.49239 91.03966 89.82764 88.9763 89.44404
